16079 1205
593 4221
3923 3420
22465 2127
6972 4567
828 4985
11542 357
4027 3470
3571 3256
11544 358
11549 359
643 4405
4028 3471
22662 2148
11381 324
11382 325
592 4218
11385 326
8805 5144
26575 2620
16349 1248
6973 4568
5986 4241
966 5369
3721 3322
345 3199
346 3204
347 3209
340 3170
341 3176
342 3184
2918 2906
16838 1318
348 3212
7699 4809
19401 1725
19375 1721
16673 1300
12274 526
19372 1720
16679 1301
967 5371
9455 5313
6354 4373
871 5114
6061 4268
6152 4302
6153 4303
6154 4304
6156 4305
606 4266
4934 3846
4026 3469
4730 3763
13028 656
6792 4516
6350 4370
27378 2713
960 5358
13609 768
6351 4371
2311 2206
5854 4191
5855 4192
5856 4193
298 2938
299 2943
296 2924
297 2933
294 2917
295 2921
5858 4194
290 2900
291 2904
16499 1276
16498 1275
587 4195
4835 3806
3779 3344
6581 4452
25281 2460
270 2671
271 2688
13546 758
273 2706
274 2716
275 2728
13542 756
16254 1233
16705 1307
279 2775
17381 1402
13549 759
25443 2478
6728 4492
4029 3472
4783 3781
581 4172
16381 1251
2269 2152
19573 1743
3235 3080
16387 1253
16386 1252
17251 1381
2260 2140
2261 2141
2266 2147
17255 1382
2265 2144
5821 4175
10709 188
10708 187
2446 2367
2447 2369
2444 2365
9525 5333
9252 5259
9250 5257
10704 186
47 3747
108 205
109 229
7863 4849
7860 4848
102 56
4149 3531
100 2
101 29
26043 2537
104 106
105 130
18343 1557
2044 1876
2045 1877
2042 1873
2043 1875
2040 1871
2041 1872
8232 4962
2510 2444
4819 3796
2048 1882
2049 1883
9410 5304
6379 4384
3150 3025
11612 379
11613 380
11610 377
11611 378
3157 3028
26046 2538
10633 170
21929 2060
10630 169
9340 5283
18458 1567
17873 1475
11942 460
9342 5284
5086 3907
2837 2836
10385 103
9329 5279
10383 102
8099 4921
9630 5365
3562 3250
7484 4748
9321 5276
9326 5278
10389 104
9613 5360
541 4025
3519 3231
3158 3029
5113 3921
18857 1632
3512 3229
7267 4674
9258 5260
5706 4139
16928 1329
8730 5122
18850 1631
6206 4323
6207 4324
5483 4056
18064 1507
6203 4322
2684 2648
2685 2650
2686 2651
2687 2653
2680 2640
2681 2642
2683 2646
20223 1842
14626 955
14627 956
849 5049
3999 3454
26976 2669
10008 5
6804 4518
15866 1165
15861 1164
3393 3164
15711 1140
5293 3992
987 5425
98 5402
9740 5394
10566 151
6882 4539
90 5193
92 5244
95 5326
94 5299
97 5381
3394 3165
1623 1229
1622 1228
21437 2000
1992 1794
1627 1235
10096 28
1625 1231
1624 1230
1999 1802
1629 1237
20224 1843
3208 3062
18929 1643
18928 1642
3858 3383
13053 662
13054 663
2861 2860
18701 1611
559 4096
2865 2863
2866 2865
2867 2866
555 4084
2869 2868
557 4090
556 4087
551 4067
550 4063
5480 4054
3324 3131
14713 976
26808 2641
17827 1464
14719 977
24232 2342
5408 4023
7672 4805
15666 1135
14248 883
12944 638
8729 5120
7079 4608
8243 4968
5450 4046
1190 448
3340 3137
1192 453
1195 461
1194 459
1197 462
27575 2738
873 5121
1759 1428
1756 1425
1755 1424
1754 1422
1753 1421
1752 1420
1751 1418
1750 1417
1177 412
1176 411
1175 408
1174 403
1173 401
1172 397
15441 1106
12496 561
12499 563
13941 832
8169 4947
18740 1618
15919 1171
23050 2201
1179 417
4256 3563
28692 2870
24525 2376
5531 4077
28691 2869
5537 4081
18073 1510
18143 1520
18144 1521
644 4409
18146 1522
1285 621
1284 620
1287 624
11168 279
1280 613
1283 618
1282 617
11164 278
14405 919
879 5139
11160 277
1288 627
14403 918
876 5127
1579 1153
1986 1783
689 4541
688 4538
8239 4966
877 5131
1573 1146
1572 1141
687 4536
1570 1138
681 4519
3432 3190
683 4524
1574 1148
4260 3566
13836 809
8389 5021
23555 2251
8387 5020
3434 3192
6016 4250
1225 522
8087 4918
4521 3672
12835 619
8545 5066
8544 5065
7204 4653
23617 2259
25341 2469
8011 4894
8010 4893
6572 4448
4389 3615
15040 1033
6576 4449
6577 4450
7173 4643
6223 4329
4383 3611
28185 2815
4918 3840
2743 2720
28180 2813
28181 2814
1371 786
1370 784
405 3483
404 3477
1375 790
1374 789
401 3461
400 3456
1379 797
1378 795
9713 5385
16571 1286
23293 2223
452 3671
2744 2722
453 3677
3830 3372
3832 3373
3833 3374
23558 2253
2192 2059
3838 3375
8493 5051
455 3685
13721 787
10886 227
13723 788
5991 4243
23651 2263
4037 3475
22679 2151
4038 3476
11574 367
11573 366
11571 365
22671 2150
4726 3758
3730 3326
3569 3254
11379 322
5662 4121
11374 321
8258 4978
11373 320
379 3349
378 3345
8039 4904
6535 4436
22276 2104
22275 2103
6136 4296
370 3308
19144 1682
2038 1866
985 5420
20496 1885
19367 1716
16667 1299
16664 1298
6302 4354
27643 2744
25053 2435
19368 1717
392 3419
391 3413
390 3408
397 3446
396 3443
395 3435
6924 4552
22012 2070
894 5182
399 3452
4345 3599
3593 3268
2309 2203
6780 4510
5424 4033
4729 3761
13619 772
6787 4514
6786 4513
7045 4599
888 5165
2303 2197
13617 771
2304 2199
27383 2714
13613 770
11289 307
898 5189
5845 4188
16067 1203
5843 4187
16061 1202
5732 4148
25616 2495
27148 2692
3592 3267
26497 2600
26494 2599
11286 306
21112 1956
8165 4945
963 5364
3748 3332
3749 3333
16485 1274
27890 2772
245 2373
244 2360
247 2393
7499 4750
19968 1801
240 2308
243 2352
22701 2155
4628 3710
7715 4814
249 2411
5917 4217
19963 1800
2275 2162
2274 2161
2277 2165
5916 4216
11753 410
2270 2154
2273 2159
11750 409
3751 3335
5911 4214
12005 468
20478 1881
12000 467
811 4926
5205 3955
5836 4181
2198 2065
9249 5256
9248 5255
7046 4600
920 5245
3201 3058
9378 5293
2455 2381
24511 2375
2457 2383
2456 2382
8179 4951
17282 1386
3713 3318
7857 4846
179 1476
17284 1387
177 1442
176 1431
13284 701
13283 700
13282 699
2969 2932
170 1340
2051 1888
3455 3200
3200 3057
2055 1891
2054 1889
4828 3803
2056 1892
4534 3679
3691 3306
4824 3802
4822 3800
4823 3801
4532 3678
4821 3799
9402 5301
6369 4380
6368 4379
997 5449
7985 4888
11624 382
10621 167
10623 168
2968 2931
24834 2402
3088 2990
9335 5282
196 1746
24091 2320
339 3162
10407 107
20087 1815
20086 1814
20085 1813
10159 40
3526 3235
28098 2805
3524 3234
7334 4700
4015 3466
10396 105
3521 3233
8559 5070
9622 5363
5884 4201
22753 2163
4655 3724
7210 4656
8311 5000
18843 1630
13196 687
6281 4344
13194 686
6217 4328
24072 2318
10716 189
4656 3725
12223 518
12221 517
2697 2668
2696 2663
2655 2615
2693 2659
3227 3075
2691 2656
2690 2655
6819 4523
14877 1005
14876 1004
25118 2445
26964 2665
26965 2666
6813 4520
15703 1139
14879 1006
6814 4521
6817 4522
1972 1763
14097 862
17382 1403
3223 3072
20461 1878
10576 153
1970 1761
10572 152
20394 1870
13067 669
13066 668
13065 667
13064 666
13063 665
1618 1223
1619 1225
10084 25
1617 1220
10086 26
1615 1216
1612 1212
1613 1213
1610 1209
1963 1749
648 4421
18447 1566
3871 3391
8846 5154
8531 5063
2872 2873
12957 640
2877 2882
2876 2879
2875 2877
2542 2476
18714 1616
2879 2883
8915 5175
12958 641
12959 642
18712 1614
18713 1615
27815 2762
3354 3140
27545 2733
20264 1850
2271 2156
3353 3139
27540 2731
6064 4269
14278 886
3359 3145
3358 3144
17836 1465
17837 1466
8850 5155
807 4912
5441 4042
5440 4041
5447 4045
5446 4044
5445 4043
7060 4604
7359 4708
18622 1599
1769 1439
18628 1600
1760 1432
804 4905
3255 3090
8571 5075
1142 329
6960 4562
1146 340
1147 343
6967 4564
23049 2200
6969 4565
1148 345
686 4535
768 4807
15908 1169
83 4995
2966 2929
8920 5176
5899 4210
865 5098
5504 4066
18151 1524
18156 1525
5503 4065
5501 4064
1546 1110
1547 1112
690 4545
4261 3567
696 4561
2380 2279
8228 4959
18600 1595
26701 2632
28423 2841
542 4030
1780 1458
2382 2282
544 4040
8719 5116
549 4058
7196 4651
7195 4650
2384 2285
5138 3925
4298 3582
761 4780
6836 4526
2798 2784
3728 3325
10 1
1784 1467
23657 2264
2870 2871
8539 5064
12 465
764 4795
2263 2143
15296 1082
15297 1083
15295 1081
7183 4647
7883 4855
14504 939
5618 4107
14506 940
7445 4739
11020 246
9330 5281
5612 4106
27309 2708
15056 1035
6405 4391
15051 1034
2267 2149
7398 4720
23289 2221
416 3535
417 3538
1389 820
412 3519
413 3523
1384 810
1385 811
1386 812
1387 815
1380 799
2159 2023
1382 802
1383 808
3827 3368
5003 3876
9438 5310
3820 3367
4845 3808
3829 3370
3828 3369
22398 2115
8446 5037
3583 3262
9528 5334
11562 364
5710 4141
8448 5039
3043 2966
23268 2219
9150 5231
870 5113
4283 3576
26559 2616
6250 4334
4286 3577
5005 3877
26827 2645
4288 3578
11365 318
11360 317
2763 2743
368 3302
23938 2294
22247 2100
22246 2099
366 3289
362 3278
363 3281
19175 1686
3214 3067
1775 1451
22025 2071
2760 2741
16659 1297
1774 1450
9159 5232
58 4167
9488 5322
7224 4661
5276 3985
25046 2433
380 3356
381 3359
382 3366
1776 1452
384 3376
385 3380
386 3385
387 3390
388 3394
367 3296
5977 4238
12723 600
5271 3982
17139 1363
10989 240
1773 1447
4750 3770
19288 1702
1772 1445
23862 2288
7400 4723
16011 1190
5873 4197
5870 4196
7864 4850
5877 4199
19777 1768
4014 3465
11291 308
8219 4958
3758 3339
25130 2447
24958 2421
8100 4924
3905 3410
21127 1958
3750 3334
3753 3337
3752 3336
3755 3338
21122 1957
8748 5125
13523 754
13520 752
13521 753
2194 2061
4635 3715
13525 755
19911 1792
253 2462
22739 2160
19912 1793
25426 2477
25239 2456
254 2474
9704 5384
11741 404
11742 405
11745 406
16251 1232
8297 4993
11749 407
6940 4555
476 3771
12034 471
6688 4483
11587 369
96 5357
3210 3064
680 4517
6683 4479
6684 4480
6685 4481
11588 370
20896 1927
2047 1879
7521 4756
2421 2339
2422 2341
4428 3633
21385 1995
2427 2346
13299 704
2791 2776
168 1317
169 1327
19822 1777
7845 4843
165 1277
166 1289
167 1305
160 1185
7840 4841
17292 1388
13297 703
6356 4375
3689 3305
12104 490
6353 4372
4529 3676
23344 2230
4527 3675
4526 3674
4833 3805
3680 3303
13452 741
4522 3673
3685 3304
12108 491
6194 4319
6195 4320
3212 3065
2519 2453
6192 4318
7994 4890
2514 2448
2516 2450
21521 2011
11630 385
4420 3630
3178 3042
2513 2446
20098 1817
8149 4941
3777 3343
9615 5361
2730 2707
2731 2709
6000 4246
10166 42
7347 4705
2739 2715
5290 3991
20097 1816
3213 3066
3533 3238
3532 3237
13180 685
3534 3239
3536 3240
27974 2783
10366 100
10360 99
5052 3894
679 4515
1814 1519
1815 1523
1816 1526
1817 1528
8255 4976
6076 4275
14881 1007
1818 1531
611 4290
441 3626
10760 199
12210 515
12216 516
863 5090
6225 4330
2169 2037
6072 4274
14643 960
20386 1867
677 4509
18549 1581
4925 3844
15841 1162
18898 1635
20388 1868
7898 4858
18543 1580
8144 4938
14080 859
14082 860
6992 4578
10500 132
10503 133
673 4494
20477 1880
10506 134
8257 4977
4951 3855
3229 3077
3228 3076
7331 4699
4328 3593
1601 1189
1600 1186
1603 1194
1602 1191
1605 1198
1604 1195
1607 1204
1606 1201
13277 697
809 4919
808 4917
13270 696
8853 5157
802 4897
8851 5156
4955 3858
3588 3265
806 4910
805 4906
13279 698
5842 4186
18098 1512
6310 4358
2848 2844
2849 2847
2847 2843
18765 1621
18764 1620
18586 1589
7637 4792
27552 2735
2614 2548
10211 63
20275 1851
28505 2849
14264 885
26822 2644
26821 2643
10219 65
10218 64
14262 884
2612 2545
10185 46
10184 45
10187 48
10186 47
1771 1444
1770 1443
10183 44
10182 43
7841 4842
8930 5180
1779 1457
1778 1455
7054 4602
7634 4790
321 3063
8868 5161
5517 4070
4991 3868
9633 5366
9890 5429
7588 4772
9891 5430
7341 4702
1159 371
1158 368
18160 1527
1155 360
1154 356
8635 5093
1156 363
8145 4939
6991 4577
1153 353
1152 351
9286 5267
24540 2379
25898 2522
2619 2553
24544 2380
5511 4069
3038 2963
15117 1048
2618 2552
15113 1047
3039 2964
1550 1117
14468 934
17994 1495
1555 1123
1554 1122
1557 1126
1556 1125
28340 2833
5807 4170
11100 267
11101 268
11106 270
11107 271
14465 933
537 4009
536 4008
535 4006
534 4001
15597 1129
9510 5330
3036 2961
538 4012
8037 4902
3037 2962
23674 2267
8033 4900
8032 4899
28432 2842
4885 3823
21447 2001
3173 3038
8038 4903
28345 2834
9999 5456
12858 623
8529 5061
12588 579
27705 2749
24265 2345
5603 4103
5602 4102
12850 622
9993 5455
11105 269
9320 5275
528 3986
11037 250
5134 3924
7486 4749
14511 942
15021 1030
15022 1031
15025 1032
6516 4432
3291 3108
17722 1446
1399 836
208 1915
420 3543
3293 3109
425 3561
1392 830
1391 825
1390 823
7036 4594
22656 2145
22657 2146
3816 3364
3814 3362
3815 3363
3818 3365
2539 2473
2795 2779
26546 2614
23250 2218
23709 2271
26542 2613
6413 4396
22382 2114
850 5054
7268 4675
15337 1089
494 3848
4299 3583
13989 835
6422 4401
6423 4402
4294 3580
4297 3581
11350 314
11357 316
11356 315
7548 4761
28652 2864
6412 4395
22250 2102
7087 4611
8298 4994
7546 4759
7547 4760
8771 5132
22034 2072
25703 2500
16137 1214
654 4437
8859 5159
25704 2501
8036 4901
9951 5447
8492 5050
6161 4307
6163 4309
6162 4308
6164 4310
950 5327
25375 2471
4748 3768
19296 1703
6768 4508
4743 3765
13673 780
4747 3767
23814 2281
6761 4507
4744 3766
6887 4540
24617 2385
16006 1187
16007 1188
8985 5190
9192 5241
24618 2386
16734 1310
9537 5337
2331 2226
25149 2449
17606 1433
6254 4337
17351 1398
16739 1311
24940 2420
2183 2049
7059 4603
2181 2046
2180 2045
229 2181
2184 2050
227 2153
2189 2054
224 2116
4602 3702
222 2092
22722 2158
220 2069
2213 2083
2212 2081
2211 2078
2210 2077
2215 2085
2214 2084
2218 2089
6453 4415
4728 3760
4090 3503
4209 3546
2230 2106
6692 4485
19584 1745
936 5288
7999 4891
8687 5109
151 1043
150 1024
2439 2359
152 1062
155 1116
154 1099
157 1137
156 1130
159 1167
158 1156
2431 2354
21628 2027
21629 2028
2435 2357
2234 2109
8904 5171
8134 4935
8170 4948
16350 1249
17513 1419
7831 4840
2508 2438
8229 4960
7666 4803
5123 3922
12111 493
4518 3670
4201 3544
8140 4936
25094 2442
12118 494
4513 3669
656 4443
13467 743
25763 2509
6187 4315
6186 4314
6566 4445
2509 2441
17198 1372
2507 2437
2506 2436
2505 2434
6373 4382
26057 2539
2501 2432
21418 1999
17777 1454
5288 3988
2724 2701
9353 5286
2721 2699
26602 2622
9897 5432
24008 2309
5282 3987
9759 5395
7163 4640
3763 3340
17176 1370
7232 4665
21715 2038
5049 3892
7231 4664
5047 3891
5046 3890
5043 3889
10373 101
5040 3888
1807 1509
3783 3347
3888 3398
1804 1501
1802 1499
5206 3956
1800 1498
16916 1328
11031 249
8184 4954
9514 5331
9517 5332
4995 3871
12208 513
10777 202
10774 201
3089 2991
4999 3872
14853 999
14852 998
5567 4089
5209 3957
14856 1001
14854 1000
6360 4377
11827 428
11826 427
18552 1583
9478 5320
18550 1582
91 5216
3716 3321
14079 857
6249 4333
9024 5200
10512 136
14074 856
2631 2569
14071 855
10517 137
1256 576
9853 5421
1949 1735
21409 1998
18954 1651
1257 577
14989 1021
1943 1727
1940 1724
18959 1652
1946 1731
13080 671
1944 1729
13082 672
13243 693
11910 450
13241 691
7007 4585
11917 451
3497 3218
810 4923
11918 452
812 4929
7006 4584
4268 3571
1521 1063
1991 1791
1250 565
12934 636
12935 637
2851 2850
2850 2848
26838 2647
24157 2333
5620 4109
10206 59
1491 1011
6374 4383
10205 58
1494 1015
1495 1019
28539 2853
7042 4596
5469 4051
1499 1022
28534 2852
7049 4601
20280 1852
10208 60
10209 61
10196 54
1701 1342
10194 53
5264 3978
10192 52
1705 1348
10190 50
10191 51
1709 1354
20048 1810
8175 4949
10198 55
424 3554
15850 1163
25802 2513
9108 5221
4385 3613
18395 1560
9769 5397
1128 305
6364 4378
5189 3947
25460 2480
18176 1530
1120 290
6986 4575
9496 5323
2092 1931
1124 297
1125 298
6981 4574
1127 302
11137 273
4490 3661
14327 899
3811 3361
5610 4105
8023 4898
11130 272
5051 3893
4384 3612
25888 2521
21161 1965
15100 1045
15101 1046
14694 969
14697 971
14696 970
866 5099
17985 1491
17986 1492
17987 1493
3027 2956
2099 1939
8911 5174
23506 2246
2987 2941
14698 972
4474 3654
524 3969
525 3972
526 3976
527 3981
520 3954
1019 49
15584 1127
3952 3438
8597 5080
1015 39
1016 41
4476 3656
3311 3124
1011 31
1012 33
1013 36
8516 5058
7635 4791
303 2959
1230 533
1231 535
1232 537
1233 541
23668 2266
28398 2838
4193 3542
4190 3541
3956 3441
8286 4988
5671 4127
5672 4128
1964 1750
5676 4130
22880 2179
5479 4053
4355 3606
3954 3440
4350 3603
4351 3604
4352 3605
11002 242
6509 4430
28714 2872
26619 2624
11005 243
7577 4767
28248 2824
6500 4427
26610 2623
4114 3516
6505 4429
6504 4428
28085 2800
438 3610
2487 2407
437 3607
434 3597
24282 2349
432 3590
4903 3835
28089 2801
8285 4987
6355 4374
4674 3733
2529 2461
7583 4769
3801 3357
9691 5376
3802 3358
999 5454
8460 5041
6055 4265
26535 2610
3312 3125
8351 5012
26538 2611
8469 5042
9497 5324
8902 5170
558 4094
6436 4407
6435 4406
19115 1678
19114 1677
5704 4137
5705 4138
23414 2235
5700 4134
1967 1759
5702 4135
5703 4136
23390 2233
7558 4764
8356 5015
554 4082
9251 5258
2248 2129
7557 4763
7556 4762
51 3916
19629 1748
6452 4414
26216 2555
1960 1747
19334 1714
3356 3142
8892 5166
6427 4403
9260 5262
4773 3778
13641 776
4771 3777
27018 2674
6759 4504
13881 818
3734 3330
13882 819
6750 4501
6756 4503
3061 2977
6755 4502
25629 2496
9940 5444
27139 2691
9944 5445
9945 5446
19025 1664
7644 4796
4148 3530
6421 4400
250 2430
7717 4816
9271 5265
7639 4794
6428 4404
17612 1434
927 5264
24974 2426
12051 475
7166 4641
919 5240
239 2291
15662 1134
12059 476
21343 1991
13502 750
237 2270
230 2192
231 2205
232 2214
233 2224
3068 2981
993 5441
998 5451
12690 598
21896 2055
2224 2098
2225 2101
2222 2095
2223 2096
2220 2093
5716 4143
4258 3565
10830 216
25712 2502
5147 3930
5929 4220
27229 2700
9768 5396
147 973
2706 2681
21870 2052
27472 2726
20876 1925
4884 3822
20874 1924
20704 1906
148 993
149 1009
4504 3667
4507 3668
19800 1773
4501 3664
50 3873
16365 1250
4502 3665
25575 2490
38 3355
5215 3960
25571 2489
21099 1954
5352 4007
2089 1926
79 4859
80 4892
16694 1304
2082 1920
2081 1917
3092 2992
2084 1921
25083 2439
17188 1371
7150 4632
11659 387
5451 4047
2533 2466
2530 2463
11651 386
7076 4606
2534 2467
2535 2470
17760 1453
20251 1848
2716 2693
2717 2694
27952 2780
9369 5291
9366 5290
20256 1849
2718 2695
2280 2171
9363 5289
5455 4049
21273 1982
17167 1368
8986 5191
5456 4050
2941 2918
21265 1980
10343 94
5073 3899
10693 183
10340 93
10346 96
10697 184
10344 95
4186 3540
1830 1550
1831 1555
1836 1558
1837 1559
3795 3352
3797 3354
3796 3353
3791 3350
3793 3351
16966 1333
2406 2317
4980 3864
2156 2016
2405 2316
2150 2008
2151 2010
2153 2012
933 5280
932 5274
931 5273
930 5269
2158 2020
10742 194
10741 193
10527 140
10524 139
5384 4013
5385 4014
11838 431
10520 138
5389 4015
18561 1584
8422 5034
11830 430
18564 1585
1955 1741
9399 5298
1956 1742
1950 1737
14069 853
9700 5383
4408 3625
760 4777
4274 3574
1958 1744
3029 2958
5545 4083
3249 3086
3248 3085
3096 2995
8877 5164
18968 1655
3243 3083
18966 1654
24113 2323
3240 3082
3247 3084
1990 1790
11903 449
12306 534
829 4990
13259 695
1824 1540
825 4972
824 4967
827 4980
5978 4239
13252 694
18410 1565
8115 4928
4310 3588
3097 2996
12909 632
12908 631
26849 2649
1821 1537
618 4313
9014 5197
4146 3528
619 4316
1487 1003
1486 1002
1485 997
3309 3121
3306 3119
3307 3120
1489 1008
3305 3118
3302 3116
9019 5198
3300 3115
15442 1107
5252 3973
5253 3974
14198 876
14199 877
1717 1369
1171 396
1715 1367
24022 2312
7221 4660
5258 3975
8164 4944
9388 5295
24028 2313
799 4889
798 4885
21500 2009
6258 4339
6580 4451
15826 1158
15829 1159
9577 5349
8404 5028
26000 2535
4062 3489
15489 1113
1138 323
1995 1797
1137 319
18180 1532
1135 313
1134 312
14336 903
18342 1556
14334 901
14335 902
15449 1108
14446 929
14447 930
4061 3488
6979 4573
12149 497
18026 1500
8637 5095
14685 966
5940 4223
14680 965
1994 1796
3012 2952
3013 2953
7146 4630
4972 3863
6716 4490
17973 1489
14689 967
519 3948
6586 4453
5530 4076
2149 2005
1009 27
1008 24
1007 21
510 3917
513 3923
10757 198
515 3932
1002 10
516 3934
19371 1719
52 3953
12875 625
8050 4907
1223 519
5535 4080
1221 514
1220 512
13870 816
13871 817
4185 3539
1229 528
12878 626
15007 1027
15554 1124
15004 1026
5667 4126
357 3255
4349 3602
4348 3601
4346 3600
4254 3562
6760 4506
3665 3292
4342 3598
9583 5353
2883 2889
2880 2886
2881 2887
5395 4019
27128 2690
7613 4783
11016 244
26664 2628
7209 4654
28090 2803
8614 5086
99 5433
28096 2804
23019 2194
6978 4572
7705 4812
24291 2350
24294 2351
9972 5450
3879 3393
9097 5214
11807 422
3875 3392
3564 3251
6020 4252
11337 310
9386 5294
11338 311
9989 5453
8476 5044
8472 5043
11 241
15312 1086
13 652
12470 559
15 1023
14 837
17 1339
16 1184
18 1496
5714 4142
3274 3098
8183 4953
354 3241
9009 5195
24587 2384
9718 5388
884 5153
27127 2689
8636 5094
28676 2867
8012 4895
21138 1959
3906 3411
3907 3412
3900 3409
19322 1710
19327 1712
19325 1711
13650 777
20502 1887
13653 778
13654 779
23832 2284
23343 2229
11488 347
9174 5238
4768 3775
11485 346
493 3845
22293 2105
4166 3537
4164 3536
26458 2591
13891 821
20178 1835
599 4242
8681 5106
8177 4950
8767 5128
20110 1819
16028 1193
5809 4171
1471 975
9302 5271
8245 4969
8070 4913
24636 2387
21582 2021
16024 1192
5806 4169
19746 1767
12472 560
201 1818
27010 2673
203 1853
202 1838
205 1886
19925 1795
207 1905
209 1928
16209 1227
2615 2549
8649 5097
17376 1400
685 4531
12044 473
7181 4646
7243 4669
28593 2858
23903 2292
23023 2196
7241 4668
2231 2108
12689 596
2235 2112
21885 2053
2236 2113
10826 213
16116 1211
16110 1210
5091 3910
4565 3688
7187 4648
7106 4615
10828 214
6050 4262
20849 1923
5093 3912
17575 1426
21647 2030
21645 2029
12131 495
3494 3217
228 2170
20847 1922
13401 729
2091 1930
2090 1929
2093 1933
13406 730
23204 2215
5097 3915
19810 1775
2098 1936
3026 2955
2527 2459
2526 2458
26077 2540
16684 1303
7044 4598
8421 5033
16680 1302
24965 2423
24966 2424
11461 341
11462 342
12180 506
598 4240
4888 3824
4889 3825
5066 3898
2709 2686
2708 2685
5063 3897
2705 2680
2704 2678
258 2512
2500 2431
2701 2672
10359 98
9377 5292
2702 2675
6785 4512
7963 4878
7967 4880
7965 4879
21264 1979
10683 181
9175 5239
7969 4881
9173 5237
25218 2454
21262 1977
21263 1978
2748 2727
1829 1547
1828 1545
6142 4298
1825 1542
16973 1335
4406 3623
4407 3624
13311 708
7453 4742
4402 3621
928 5266
929 5268
2412 2324
2415 2331
2414 2329
2417 2335
2416 2334
2419 2336
10751 196
6251 4335
5275 3984
4970 3861
4971 3862
10756 197
12265 525
5393 4017
5390 4016
10535 142
3950 3436
5394 4018
10538 143
11801 420
5398 4020
14835 996
14834 995
11804 421
3277 3100
1922 1692
3275 3099
495 3854
20115 1820
18992 1658
14057 851
14056 850
3278 3101
752 4755
5822 4176
830 4996
831 4999
834 5005
835 5010
8013 4896
838 5018
839 5022
3478 3210
3479 3211
9876 5426
24105 2321
18409 1563
922 5248
20597 1895
20596 1894
11934 458
11933 457
12319 536
14945 1017
14944 1016
14947 1018
14234 881
14233 880
7946 4871
3199 3054
12914 634
15635 1131
15636 1132
4590 3700
7021 4591
4388 3614
4249 3560
9002 5194
7025 4592
5488 4057
27851 2766
10225 68
3313 3126
26714 2633
27855 2767
3314 3127
10222 67
3316 3128
786 4847
787 4851
9393 5297
781 4838
1728 1385
5244 3971
7451 4740
788 4854
1723 1379
1720 1373
924 5253
15831 1160
15836 1161
27332 2710
7027 4593
27425 2719
7283 4681
3330 3134
6301 4353
15120 1050
6592 4456
6477 4420
4992 3869
18192 1534
15129 1051
5622 4110
3005 2948
3004 2947
62 4321
3006 2949
3001 2945
3000 2944
3003 2946
3310 3123
14308 896
3009 2950
7077 4607
7286 4684
20335 1858
407 3492
1589 1166
6593 4457
7937 4868
25827 2515
18585 1588
7155 4635
7284 4682
7153 4634
926 5261
7151 4633
5482 4055
2433 2355
3317 3129
508 3901
509 3908
1032 89
1030 84
1031 86
502 3881
503 3883
1034 92
1035 97
630 4351
631 4357
632 4360
1211 492
635 4369
636 4376
1215 498
1219 508
4245 3557
2436 2358
6521 4433
27739 2752
15013 1028
989 5428
7480 4746
7482 4747
4372 3609
27731 2750
27732 2751
2434 2356
5653 4117
5651 4116
7452 4741
4485 3659
2899 2898
2898 2897
25999 2531
14541 946
14540 945
11062 259
11067 260
25991 2530
15494 1114
1107 261
1104 251
1105 256
1450 938
1451 941
1452 943
1453 944
9421 5307
1458 948
1459 949
464 3717
4830 3804
8270 4981
17650 1435
3868 3388
13795 798
4085 3499
9427 5308
28282 2829
3863 3386
4089 3502
3867 3387
1648 1273
7364 4710
5243 3970
21144 1962
8400 5025
26516 2606
26515 2605
27028 2676
27029 2677
17651 1436
4993 3870
21146 1963
12469 558
19139 1680
691 4548
6415 4397
5723 4145
5720 4144
3898 3405
19133 1679
6410 4393
15302 1084
21140 1960
7777 4832
7776 4831
1892 1641
3934 3427
3149 3023
14934 1014
1893 1644
4691 3744
3915 3418
19484 1734
3912 3416
3911 3415
3910 3414
3147 3021
6715 4489
8632 5091
4644 3720
9463 5315
2135 1992
6735 4495
553 4075
4794 3787
4795 3788
3932 3426
22517 2131
2757 2737
3070 2982
5837 4182
4150 3533
5835 4180
5832 4179
4697 3745
11258 301
4030 3473
7949 4873
11252 300
4033 3474
5838 4183
11251 299
6349 4368
24993 2429
10887 228
6904 4547
22199 2091
6348 4367
9923 5439
19007 1661
19005 1660
9927 5440
216 2024
19262 1697
214 1997
215 2007
19267 1700
19266 1699
19265 1698
211 1955
983 5413
25172 2451
9806 5404
218 2044
219 2056
11785 416
6903 4546
22171 2088
957 5348
19795 1770
6089 4280
6086 4278
6087 4279
2139 1996
16561 1284
12071 480
6494 4424
4713 3752
26363 2580
6648 4471
6649 4472
6646 4469
6647 4470
19641 1751
10812 211
10811 210
939 5296
16165 1218
4289 3579
901 5196
16169 1219
6051 4263
5909 4213
21853 2051
4715 3754
17212 1375
9907 5436
3481 3214
3480 3213
24827 2401
21674 2034
3484 3216
6305 4355
16309 1243
16308 1242
13410 732
2379 2278
2474 2395
4566 3689
3649 3288
3648 3287
3646 3286
3645 3285
16302 1241
6993 4579
478 3779
21073 1952
19866 1784
60 4244
6023 4254
7983 4887
2555 2487
2557 2488
3283 3105
6393 4387
6394 4388
26082 2541
11477 344
2394 2295
63 4350
2392 2293
21819 2048
3075 2984
26244 2563
668 4478
24918 2414
12783 612
21818 2047
2398 2302
18290 1548
972 5389
2648 2597
10323 90
4133 3525
5185 3945
5015 3880
3282 3104
9352 5285
4893 3828
20336 1859
4891 3827
17785 1456
4897 3830
5162 3936
2776 2754
9498 5325
21218 1972
6052 4264
16411 1257
26560 2617
17418 1407
16412 1258
17144 1366
7977 4883
7976 4882
17140 1364
17142 1365
9145 5230
1858 1586
12256 524
3165 3031
3281 3103
5166 3937
12251 523
4418 3628
4417 3627
2720 2698
16788 1315
4082 3498
6269 4342
12095 487
3077 2985
12096 488
17096 1355
17097 1356
6493 4423
9549 5343
7849 4845
4966 3860
17098 1357
916 5233
911 5222
6069 4271
913 5227
912 5225
9726 5391
14040 848
9723 5390
2602 2536
14820 994
2627 2566
89 5167
20921 1932
9729 5392
1933 1713
1932 1709
1931 1708
1930 1705
10787 204
24132 2327
8810 5146
1934 1715
3368 3151
1939 1722
6570 4447
10030 11
8584 5078
24138 2328
3467 3207
846 5040
7379 4715
3464 3206
4478 3657
3462 3205
4568 3690
7215 4657
7372 4713
7158 4636
7377 4714
7234 4666
7707 4813
3468 3208
11928 455
11929 456
13239 690
3943 3432
12326 539
12325 538
20235 1844
7940 4870
7741 4825
12328 540
459 3699
11925 454
24194 2337
14221 879
8130 4934
5439 4039
14952 1020
7216 4658
18217 1538
26864 2652
25388 2472
9032 5202
9031 5201
7822 4839
7043 4597
10253 75
10252 74
7013 4589
7010 4587
7011 4588
1738 1401
18693 1608
8552 5068
18694 1609
1731 1391
1733 1396
1732 1393
5234 3968
9895 5431
1736 1399
11815 425
8633 5092
6318 4359
11813 424
5454 4048
9671 5372
9841 5415
9209 5246
3782 3346
3703 3312
750 4751
4087 3500
25721 2503
759 4774
1595 1177
1594 1176
1596 1178
1591 1170
1590 1168
1593 1175
1592 1172
3078 2986
9778 5400
2957 2922
1599 1182
1598 1181
6216 4327
1024 69
1027 77
1026 76
1021 62
1020 57
514 3926
1022 66
7162 4639
5830 4178
7160 4638
3785 3348
1029 81
7913 4862
500 3874
4045 3479
501 3878
6215 4326
3701 3310
6146 4300
13869 814
4273 3573
3420 3185
1209 485
1208 481
602 4251
1205 474
1204 472
1207 479
12896 629
609 4281
608 4277
1203 470
1202 469
633 4364
9606 5359
8279 4984
26640 2626
7982 4886
7370 4712
8272 4983
8271 4982
468 3736
28279 2828
14558 947
3108 3002
3109 3003
3678 3300
3104 2998
28271 2827
3106 3000
3107 3001
3325 3132
2894 2894
11075 262
1447 935
1446 932
1445 931
1444 928
1443 923
1117 280
1116 276
1119 286
1118 282
4278 3575
15978 1180
4093 3505
6781 4511
4091 3504
23214 2217
4990 3867
22348 2111
13785 796
22346 2110
22611 2142
4099 3506
4858 3814
8558 5069
3366 3149
5735 4151
5734 4150
923 5250
5731 4147
463 3711
489 3826
488 3821
18653 1605
486 3815
26502 2603
484 3807
4587 3697
8415 5031
11310 309
991 5437
6958 4559
9695 5377
3499 3219
7589 4773
6959 4560
9807 5405
4853 3813
7586 4771
7439 4736
7580 4768
6466 4417
6339 4366
7742 4826
28618 2861
6522 4434
3705 3314
26314 2571
7877 4852
4727 3759
990 5434
8264 4979
8646 5096
26948 2661
2302 2195
24153 2332
3328 3133
3925 3421
4048 3481
3929 3423
26310 2570
8307 4997
23362 2232
23361 2231
26477 2595
4789 3786
5657 4119
4787 3785
4786 3784
4785 3783
4784 3782
26478 2596
4782 3780
8308 4998
19014 1662
4371 3608
12521 571
12520 570
6878 4537
4147 3529
2381 2280
4143 3527
4142 3526
7330 4698
19707 1762
3850 3381
3851 3382
22180 2090
5598 4098
992 5438
28108 2808
3859 3384
14674 964
22765 2164
454 3682
12497 562
3991 3453
19270 1701
19667 1758
22164 2086
22165 2087
10870 223
16577 1287
19786 1769
25340 2468
6095 4282
26233 2560
16570 1285
12067 478
6917 4550
956 5345
12668 595
9544 5341
9420 5306
5964 4232
12664 593
12665 594
12663 592
6418 4399
19300 1706
19301 1707
16171 1221
16176 1222
8168 4946
11060 258
10804 208
9779 5401
19658 1754
5848 4189
25743 2506
5913 4215
10803 207
19847 1780
2896 2896
199 1789
198 1771
195 1736
194 1723
197 1760
17226 1378
191 1674
190 1659
193 1704
192 1690
6385 4386
16318 1245
3679 3301
9817 5408
2893 2893
13429 736
13428 735
82 4956
3661 3290
13424 734
4552 3686
21063 1950
3674 3297
3675 3298
21992 2066
1106 257
2541 2475
21997 2067
26097 2542
2549 2485
8662 5100
11683 390
11443 333
17310 1392
2383 2283
11440 332
2385 2286
11446 334
24110 2322
2386 2287
1102 245
26250 2565
1103 248
3580 3261
2769 2747
2768 2746
3584 3263
8666 5101
10334 91
3587 3264
20627 1898
2762 2742
20624 1897
3970 3447
20622 1896
16950 1331
8075 4914
7301 4692
6702 4486
16401 1255
17133 1362
7905 4860
9484 5321
902 5199
4049 3482
1849 1574
13338 711
12244 520
12245 521
5939 4222
6279 4343
1841 1564
1840 1562
1846 1568
4424 3631
15499 1115
3677 3299
12087 483
12082 482
2168 2035
6071 4273
3251 3089
2165 2031
4953 3856
2167 2033
2166 2032
2161 2026
2160 2025
4954 3857
12089 484
2617 2551
2616 2550
14033 845
1941 1726
612 4293
14034 846
2611 2544
2610 2543
242 2338
3869 3389
20957 1935
1947 1732
18595 1592
17044 1347
7345 4703
3298 3112
3256 3091
1908 1671
17042 1346
1906 1668
3295 3111
1905 1667
1902 1663
1903 1665
7348 4706
20134 1824
855 5067
856 5071
857 5074
3456 3201
3457 3202
21680 2036
13242 692
3459 3203
20043 1809
5083 3905
22973 2189
22972 2188
4088 3501
6239 4332
12339 543
862 5087
2388 2289
7134 4626
8291 4991
12333 542
3402 3171
2727 2703
14786 989
18200 1535
18201 1536
7009 4586
7461 4744
9804 5403
5490 4059
20000 1806
10243 70
7003 4583
10247 73
10244 71
10245 72
813 4933
24019 2311
18685 1606
5222 3963
21536 2013
2272 2157
5227 3964
5427 4035
8900 5169
2576 2508
11862 435
18516 1576
13115 677
11869 436
15811 1157
4588 3698
616 4306
8939 5181
427 3572
740 4722
741 4726
742 4731
743 4733
744 4737
5885 4202
746 4743
2858 2857
748 4745
5233 3967
15149 1053
2278 2168
14368 909
15782 1152
3067 2980
6894 4543
6897 4544
3064 2979
617 4311
2944 2920
14497 937
2942 2919
14367 908
14366 907
1050 131
1051 135
1053 141
1054 144
1055 146
1056 150
4810 3795
1058 154
1059 157
20318 1855
6077 4276
1696 1332
1697 1334
1695 1330
8295 4992
2919 2907
614 4297
2595 2527
715 4631
1698 1336
1699 1337
3357 3143
4312 3589
1790 1477
5289 3989
8599 5081
1270 599
613 4294
610 4284
1273 601
1274 602
1275 605
3735 3331
1277 611
11047 255
11045 254
6557 4440
11043 253
711 4616
11041 252
8790 5140
7305 4693
278 2759
8247 4970
24481 2372
24480 2371
1490 1010
2377 2275
5423 4032
14763 984
3332 3135
3117 3006
3116 3005
14769 986
14768 985
2469 2391
3110 3004
1473 979
1470 974
1493 1013
1474 980
1475 981
15968 1179
1478 988
1479 990
9323 5277
6417 4398
1305 661
1306 664
5422 4031
1300 653
23205 2216
1302 655
1303 657
5726 4146
1308 670
1309 673
6559 4442
5741 4152
5742 4153
499 3866
23596 2255
23598 2256
4225 3548
4226 3549
27049 2679
490 3833
491 3837
13932 831
24 2307
3184 3045
26 2532
27 2670
3595 3269
22 2068
23 2191
3732 3328
7596 4776
7595 4775
5039 3887
28 2788
29 2899
6475 4419
15365 1094
10307 85
3187 3047
23110 2207
3262 3095
2454 2378
9042 5204
4632 3713
443 3635
1700 1341
7230 4663
22572 2135
3939 3430
3938 3429
3731 3327
3391 3163
22578 2136
3937 3428
3931 3425
3930 3424
2599 2529
8333 5004
8626 5089
11277 304
11270 303
26404 2582
5586 4095
26409 2583
1704 1345
6714 4488
5031 3884
5262 3977
9906 5435
4435 3636
15214 1064
15215 1065
19065 1669
1706 1349
4131 3524
1707 1352
1874 1617
23683 2268
5690 4131
4436 3637
3845 3377
3846 3378
3849 3379
28138 2809
24469 2368
6070 4272
28642 2862
5374 4010
22797 2169
5305 3994
24894 2410
7958 4876
3914 3417
5306 3995
16091 1208
22406 2117
7911 4861
874 5123
4044 3478
13754 792
4047 3480
19728 1765
13753 791
26315 2572
173 1389
13759 793
12656 591
6145 4299
7915 4863
10871 224
16146 1215
4463 3648
19664 1757
19663 1756
5965 4233
19661 1755
10876 225
17548 1423
4257 3564
3667 3293
22459 2125
19843 1779
19510 1739
3662 3291
17236 1380
2281 2172
2282 2173
3669 3295
3668 3294
19849 1781
4549 3684
4548 3683
872 5117
13434 738
843 5035
4539 3681
26955 2662
2578 2510
11699 393
11696 392
2574 2505
2575 2507
11692 391
77 4810
17300 1390
2378 2276
11459 339
4461 3647
4535 3680
11454 336
11455 337
2376 2272
11457 338
9505 5329
24932 2418
24931 2417
11453 335
2594 2526
18170 1529
9122 5226
6746 4498
17430 1409
17431 1410
2592 2524
2593 2525
10655 176
10654 175
10657 177
5035 3886
2598 2528
20635 1899
10653 174
10652 173
1876 1619
1877 1622
16431 1264
16430 1263
4820 3798
6857 4533
1871 1612
600 4245
595 4227
25226 2455
3927 3422
1878 1623
977 5398
4944 3852
974 5393
4941 3850
4940 3849
8724 5119
2119 1968
6285 4347
596 4231
4949 3853
6040 4259
6282 4345
6283 4346
2118 1967
183 1549
180 1497
6041 4260
186 1593
187 1610
184 1561
185 1575
26131 2546
188 1626
189 1636
26138 2547
6337 4365
2622 2557
2623 2558
20948 1934
14026 842
14027 843
2624 2562
2625 2564
15920 1173
2628 2567
20128 1823
15921 1174
1918 1687
22114 2079
361 3274
9584 5354
21304 1985
1911 1676
5103 3918
3285 3106
10010 6
10017 9
10016 8
10015 7
1916 1684
869 5110
868 5104
840 5024
11628 383
4154 3534
13216 689
3445 3197
860 5083
22964 2186
3446 3198
3441 3195
3442 3196
2756 2736
2025 1847
2755 2734
6290 4348
10499 129
2751 2729
5340 4002
19655 1753
12344 544
2758 2739
2759 2740
9821 5411
882 5150
880 5143
887 5162
3146 3020
10271 78
7279 4679
27868 2769
14792 991
18230 1539
14794 992
10278 79
9059 5207
10477 126
10476 125
5212 3958
10470 124
20540 1890
2825 2825
14156 869
14154 868
26464 2593
10479 127
14153 867
20121 1822
5220 3962
28267 2826
8560 5072
9217 5247
9716 5387
20495 1884
11870 438
22899 2180
11876 440
8922 5177
18529 1578
11875 439
3988 3451
4800 3790
8929 5178
3973 3448
18307 1553
774 4824
777 4830
14487 936
766 4801
351 3228
18301 1551
15178 1060
15175 1059
15174 1058
779 4834
7638 4793
18309 1554
17931 1485
7101 4614
2978 2936
2979 2937
272 2697
3058 2975
70 4582
3056 2973
14373 910
2971 2934
14376 913
2977 2935
14374 911
14375 912
1043 108
88 5142
1047 123
1046 119
1045 115
1044 113
20307 1854
9242 5254
5109 3919
1685 1322
1684 1319
1687 1324
1686 1323
1689 1326
4303 3585
25178 2452
1269 597
2980 2939
4307 3587
3520 3232
669 4484
22776 2167
667 4476
1262 584
1261 581
664 4468
663 4465
662 4464
661 4462
660 4459
15518 1120
8789 5138
5094 3913
3388 3160
9235 5251
212 1969
15513 1119
3389 3161
9236 5252
213 1983
28054 2795
3810 3360
21308 1986
7618 4784
210 1941
28052 2794
14771 987
1915 1683
22770 2166
28058 2796
7611 4782
1914 1681
3409 3175
1469 968
1917 1685
1465 961
1464 959
1467 963
1466 962
1460 951
1462 954
1316 683
1315 681
8432 5036
1313 679
1312 678
1311 676
1310 675
23767 2273
523 3965
5096 3914
15425 1100
12436 555
15427 1102
15426 1101
4608 3703
9820 5410
4239 3553
27078 2684
27077 2683
2399 2306
8287 4989
15428 1103
4231 3551
4230 3550
5593 4097
2988 2942
5599 4099
3304 3117
4806 3793
861 5084
4609 3704
7809 4837
6067 4270
23166 2211
23169 2212
712 4620
7725 4820
22562 2132
319 3049
318 3043
269 2654
13691 783
6151 4301
3940 3431
19477 1733
22568 2133
310 2997
317 3035
316 3030
315 3024
25523 2486
9046 5205
11203 291
6060 4267
26417 2585
11209 292
8324 5003
26418 2586
23302 2225
6707 4487
23667 2265
12502 566
15221 1068
15220 1067
5791 4164
15226 1070
12505 568
12504 567
13868 813
4126 3521
4125 3520
26770 2637
3121 3009
3722 3323
7431 4734
24470 2370
442 3629
621 4325
28399 2839
27787 2755
5663 4122
19217 1691
13909 824
23947 2298
12645 589
16088 1207
5195 3949
6671 4477
406 3486
7721 4819
16083 1206
444 3638
23418 2236
23948 2299
9843 5417
23787 2277
5790 4163
4050 3484
9354 5287
4687 3742
4458 3646
11510 350
4059 3485
27094 2687
5673 4129
22585 2138
5973 4236
10863 222
5971 4234
3407 3173
5975 4237
9846 5419
3610 3275
3611 3276
19852 1782
2298 2190
19502 1738
16335 1247
21043 1947
3618 3277
17202 1374
8281 4986
2297 2187
26960 2664
5197 3951
7326 4697
2982 2940
7567 4766
5407 4022
886 5160
7848 4844
2561 2494
23547 2250
23946 2297
6108 4289
5196 3950
11429 330
10915 233
10913 232
23146 2209
26232 2559
24921 2416
17335 1397
5406 4021
2363 2261
2362 2260
2361 2258
4491 3662
2587 2519
7291 4686
2585 2518
2584 2516
21952 2062
2582 2514
17111 1361
7297 4688
23945 2296
7299 4690
10312 87
10316 88
10641 172
17687 1437
1860 1594
1863 1601
1862 1598
16428 1260
16429 1261
3408 3174
4447 3641
1869 1607
4449 3643
4405 3622
3727 3324
25254 2457
17689 1438
4686 3741
23006 2193
4684 3739
4685 3740
4682 3738
4935 3847
4681 3737
26969 2667
4689 3743
5577 4093
2108 1953
11731 402
5576 4092
20807 1916
2102 1945
2107 1951
2106 1949
2105 1948
5213 3959
8510 5057
7801 4836
10001 3
10002 4
5112 3920
2635 2577
2634 2576
2636 2579
14013 840
2630 2568
2632 2573
17063 1350
6729 4493
21919 2058
17067 1351
9688 5374
7071 4605
9595 5356
21315 1987
9225 5249
9052 5206
18182 1533
17593 1429
1537 1095
22958 2185
841 5029
878 5137
3093 2993
3430 3188
3431 3189
17599 1430
3433 3191
22957 2184
1535 1092
3436 3193
3437 3194
2037 1865
2036 1864
2035 1863
2034 1860
2033 1857
2032 1856
2747 2725
2746 2723
6913 4549
10481 128
4846 3809
4847 3810
8495 5052
3483 3215
2039 1869
1532 1087
890 5168
24146 2330
637 4381
893 5179
27899 2774
6238 4331
18935 1647
27895 2773
899 5192
439 3616
18936 1648
649 4422
3231 3079
10462 122
9064 5208
10460 120
10461 121
14163 870
5199 3952
9040 5203
5907 4212
14165 872
14164 871
3545 3242
3546 3243
3547 3244
18932 1645
6191 4317
21552 2014
21553 2015
18933 1646
24076 2319
3549 3245
1616 1217
260 2533
1965 1752
7382 4717
18535 1579
5182 3942
11191 287
2964 2928
2967 2930
14344 905
2961 2926
2960 2925
2962 2927
11199 288
1781 1460
1782 1463
4564 3687
15164 1056
15165 1057
1786 1470
765 4798
3049 2969
3048 2968
17920 1481
28813 2888
7116 4619
17925 1482
3040 2965
17928 1483
15762 1150
15763 1151
3046 2967
27419 2718
18796 1624
18797 1625
3207 3061
1078 203
8349 5009
1077 200
27413 2717
1075 195
1072 190
1073 192
1070 185
13006 654
1678 1314
1679 1316
334 3136
1674 1312
1675 1313
4651 3723
1670 1306
1671 1308
1672 1309
3014 2954
1096 238
1097 239
1090 230
1091 231
773 4821
674 4496
675 4500
676 4505
18528 1577
4332 3595
4333 3596
672 4491
4331 3594
3135 3016
3134 3015
3294 3110
3131 3013
3130 3012
3132 3014
15503 1118
8562 5073
3138 3017
20205 1840
4101 3508
20201 1839
645 4412
4248 3559
28026 2791
4630 3712
7606 4778
3516 3230
15691 1136
7292 4687
7248 4671
17850 1468
17851 1469
1419 875
81 4922
61 4283
1413 866
1417 873
8723 5118
775 4827
4641 3719
3119 3007
1329 702
8519 5059
2494 2419
15340 1090
8683 5108
15434 1105
18304 1552
5183 3943
15433 1104
15346 1091
13913 829
13912 828
13911 827
13910 826
4206 3545
9715 5386
9697 5379
15183 1061
2397 2301
27667 2745
18652 1604
5561 4088
1524 1072
1525 1073
1526 1075
28487 2846
1253 572
1522 1066
1523 1071
7733 4823
7732 4822
1529 1080
1258 578
646 4416
2259 2139
460 3701
3953 3439
301 2951
3951 3437
2258 2137
3957 3442
19194 1689
306 2976
18711 1613
4117 3517
11210 293
776 4829
4112 3515
11214 294
4111 3514
8350 5011
5708 4140
8353 5013
23316 2227
7894 4857
4118 3518
8197 4955
7433 4735
3355 3141
851 5056
7308 4694
12511 569
5143 3928
19040 1666
8207 4957
25730 2504
27544 2732
5415 4028
7422 4732
9816 5407
6411 4394
28150 2811
27790 2757
2250 2130
27797 2758
8959 5185
4448 3642
2077 1912
5184 3944
2779 2756
8348 5008
86 5082
5140 3927
4223 3547
28798 2884
9856 5422
12631 588
6602 4460
23953 2300
7110 4617
6606 4461
3057 2974
6252 4336
6438 4408
6380 4385
3204 3060
853 5062
4060 3487
3055 2972
27244 2702
5943 4225
4064 3490
5941 4224
3052 2971
13779 794
4069 3491
26337 2575
11503 349
5948 4226
26334 2574
5784 4160
5785 4161
9300 5270
5781 4159
21359 1993
4639 3716
3051 2970
9268 5263
3606 3273
3605 3272
19534 1740
3413 3179
5154 3933
16183 1224
25799 2511
12189 507
16635 1296
27468 2724
640 4390
8146 4940
16632 1295
470 3748
3891 3399
7528 4757
6115 4292
6110 4291
12740 603
26209 2554
12742 604
19990 1803
2358 2254
11439 331
19997 1804
2352 2247
7979 4884
2350 2245
10928 234
17324 1394
17325 1395
2354 2249
19228 1693
17100 1358
21962 2063
7529 4758
17105 1359
7285 4683
21964 2064
10673 180
5267 3979
10671 179
9457 5314
9102 5219
9103 5220
21781 2042
9101 5218
17690 1440
4452 3644
13341 713
4457 3645
1899 1657
13345 714
1894 1649
1895 1650
1896 1653
1897 1656
3733 3329
1891 1640
16457 1267
16456 1266
2136 1994
4922 3842
4921 3841
12298 531
2132 1988
2133 1989
2130 1984
4924 3843
4698 3746
953 5335
955 5344
954 5338
12295 530
12294 529
17214 1377
11725 400
5058 3895
11723 399
11720 398
17213 1376
24869 2406
6021 4253
477 3776
20816 1918
20817 1919
10071 22
2649 2598
10073 23
20144 1826
1859 1591
5168 3938
5169 3939
2642 2587
2643 2588
2644 2590
2646 2592
2647 2594
9844 5418
2786 2768
17079 1353
22942 2183
21493 2006
6262 4340
3028 2957
4805 3792
12363 545
2783 2764
17584 1427
3421 3186
2782 2763
3424 3187
2002 1808
2000 1805
2001 1807
2007 1811
9698 5380
4809 3794
4585 3695
4584 3694
2008 1812
4586 3696
4581 3693
4580 3692
9690 5375
506 3896
6961 4563
3126 3010
10299 83
14171 874
5032 3885
27889 2770
14917 1012
10292 82
10453 117
10452 116
9470 5317
10457 118
6268 4341
9672 5373
24040 2315
15454 1109
11980 463
11981 464
10100 30
8250 4973
3556 3247
3555 3246
2652 2607
8253 4975
4304 3586
10580 155
9777 5399
10582 156
8909 5173
8908 5172
7957 4875
717 4642
12091 486
13160 684
665 4473
2177 2040
2910 2905
5951 4228
1799 1494
1798 1490
11187 283
719 4649
718 4645
1793 1484
1792 1480
11188 284
11189 285
3202 3059
1796 1488
1795 1486
710 4613
28759 2878
6849 4530
4579 3691
8622 5088
716 4637
914 5228
26935 2660
6840 4528
24303 2353
7122 4621
2071 1907
6844 4529
1069 182
6306 4356
1060 162
1062 166
5304 3993
1064 171
1067 178
910 5217
7608 4779
8680 5105
9540 5339
2074 1910
1663 1294
6590 4455
1086 221
1085 220
1084 217
1083 215
1082 212
1081 209
1080 206
4321 3592
4320 3591
78 4835
8238 4965
8382 5019
1088 226
18079 1511
778 4833
714 4628
3145 3019
24272 2347
24273 2348
3148 3022
2600 2534
14594 950
2820 2818
2821 2821
2822 2822
2823 2823
3386 3158
2895 2895
5416 4029
3385 3157
20212 1841
5411 4026
5413 4027
7632 4788
7633 4789
14756 983
28039 2792
9093 5213
17866 1472
14752 982
17864 1471
713 4623
1409 861
1408 858
1403 844
1402 841
1401 839
1400 838
1407 854
1406 852
1405 849
1404 847
692 4551
1339 724
1338 721
1335 715
1334 712
1337 719
1336 716
1331 707
1330 706
1333 710
1332 709
7399 4721
5810 4173
18107 1513
3129 3011
8699 5111
9696 5378
6935 4554
8127 4932
8126 4931
8125 4930
18109 1514
5774 4158
23096 2204
4425 3632
3261 3094
39 3407
26756 2636
3177 3041
360 3271
7700 4811
21456 2003
33 3113
32 3055
5574 4091
21455 2002
35 3220
34 3169
1241 551
28486 2845
1243 554
1242 552
1533 1088
1244 557
1531 1085
3095 2994
23147 2210
10039 12
28324 2832
17693 1441
9545 5342
3264 3096
8506 5055
28354 2835
23895 2290
338 3156
8160 4943
335 3138
19183 1688
337 3152
336 3146
331 3122
330 3114
22230 2097
332 3130
26438 2589
4103 3510
4102 3509
4105 3512
4104 3511
4107 3513
482 3797
5347 4005
8347 5007
8346 5006
11220 295
23122 2208
8710 5115
9164 5235
8672 5103
24694 2392
772 4818
9536 5336
8410 5030
4626 3708
22300 2107
3899 3406
7416 4729
7417 4730
7414 4727
7415 4728
3892 3400
3893 3401
6987 4576
24457 2366
3896 3404
3894 3402
3895 3403
16532 1280
5752 4155
16531 1279
16534 1281
8791 5141
7174 4644
16538 1282
5268 3980
4627 3709
12622 587
23432 2238
12620 585
12621 586
6617 4463
19104 1675
23528 2248
5733 4149
22124 2082
842 5032
10840 218
5952 4229
4078 3497
5000 3875
10848 219
5958 4230
11531 355
11530 354
4071 3494
4070 3493
4073 3496
4072 3495
560 4101
3967 3445
7585 4770
2892 2892
3963 3444
19452 1730
5082 3904
15992 1183
5081 3903
5799 4166
5798 4165
9167 5236
8079 4916
5080 3902
23055 2202
21027 1946
3639 3284
653 4435
87 5112
3633 3283
3631 3282
234 2234
5085 3906
235 2244
8811 5147
6451 4413
8076 4915
12194 509
12195 510
16193 1226
2345 2240
2344 2239
2346 2241
23769 2274
2343 2237
20583 1893
12756 608
3373 3155
6104 4287
2349 2243
12753 607
12750 606
4614 3706
19230 1694
19233 1695
19234 1696
4899 3831
27341 2711
10936 235
8768 5129
9161 5234
8857 5158
6970 4566
8682 5107
9445 5311
2067 1901
17463 1412
16999 1338
9117 5224
9116 5223
12285 527
16448 1265
3709 3316
25471 2482
4468 3649
4469 3650
3702 3311
1886 1633
3700 3309
13374 720
1883 1629
25478 2483
3704 3313
1880 1627
2121 1971
12437 556
2123 1974
2122 1973
9939 5443
2124 1975
2127 1981
2126 1976
4917 3839
13577 765
26217 2556
942 5305
943 5309
4910 3838
941 5303
6107 4288
5750 4154
24876 2408
5274 3983
6033 4257
6032 4256
6031 4255
5171 3940
5177 3941
10067 20
10064 18
10065 19
2653 2609
20176 1834
2651 2604
2650 2602
2657 2618
20171 1833
2348 2242
133 705
132 688
131 674
3415 3181
3412 3178
136 766
134 727
22939 2182
6837 4527
139 822
6100 4285
3419 3183
27074 2682
12374 546
16843 1320
12378 547
16848 1321
9983 5452
12176 505
6326 4362
4868 3818
12175 504
2019 1837
8978 5187
6320 4361
2015 1827
2014 1825
2017 1832
2016 1828
7140 4629
14381 914
13487 745
2012 1821
9825 5412
5160 3935
18485 1572
10288 80
18487 1573
6327 4363
5923 4219
2924 2910
11026 247
1937 1718
2927 2911
9661 5370
21578 2018
21579 2019
26574 2619
10440 114
7444 4738
17485 1416
17484 1415
13155 682
3561 3249
3566 3252
18801 1628
17483 1414
4503 3666
3568 3253
22846 2176
20685 1904
20684 1903
10592 158
10593 159
10596 160
13390 725
13392 726
20995 1940
10598 161
6395 4389
8974 5186
4489 3660
848 5045
2903 2902
2901 2901
6293 4349
15740 1149
709 4612
6853 4532
8813 5148
2908 2903
6859 4534
3260 3093
7139 4627
7663 4802
7565 4765
27434 2721
6447 4411
7670 4804
26929 2658
14615 953
14614 952
7133 4625
6562 4444
20429 1874
17905 1479
84 5023
85 5053
7687 4808
8355 5014
762 4786
415 3532
6749 4499
277 2748
5315 3996
18243 1541
1658 1288
970 5382
651 4431
14297 894
601 4248
8613 5085
1651 1278
8808 5145
1655 1283
15521 1121
584 4184
585 4190
582 4174
583 4177
580 4168
1987 1785
21794 2043
8757 5126
1984 1778
588 4200
589 4204
7625 4787
3152 3026
18068 1508
11088 264
17870 1473
17872 1474
12997 649
12998 650
12999 651
4238 3552
18061 1506
28733 2875
11085 263
2830 2831
1436 906
3030 2960
1434 904
28732 2874
1432 898
1433 900
1430 895
1431 897
3399 3168
4676 3735
28557 2855
28556 2854
5409 4024
14726 978
2885 2890
5232 3966
7947 4872
1348 744
1349 746
23557 2252
4264 3568
4265 3569
4267 3570
1340 728
1341 731
1342 733
1343 737
1344 739
1345 740
1346 742
5378 4011
18112 1515
7504 4752
21157 1964
7126 4622
236 2257
6927 4553
8111 4927
9195 5243
4895 3829
5875 4198
26746 2634
14437 926
14436 925
5646 4114
14430 924
11153 275
7716 4815
7719 4817
25479 2484
832 5001
14439 927
24510 2374
26748 2635
3707 3315
1502 1029
657 4446
1500 1025
655 4439
1506 1036
1507 1039
312 3008
3085 2988
3084 2987
1508 1041
3086 2989
659 4454
8097 4920
23333 2228
522 3961
21143 1961
2120 1970
3944 3433
6999 4581
3945 3434
8575 5076
5893 4205
5894 4206
13808 800
5896 4207
5897 4208
5898 4209
11231 296
314 3018
8579 5077
7619 4785
8401 5026
3887 3397
3880 3395
3883 3396
15253 1074
26410 2584
25084 2440
8447 5038
7408 4725
24421 2362
24420 2361
7406 4724
4666 3727
8402 5027
4658 3726
22115 2080
19080 1672
25648 2497
25649 2498
25310 2465
22448 2123
16051 1199
16053 1200
19732 1766
8779 5136
11520 352
940 5300
26357 2578
12616 583
12614 582
4762 3772
24264 2344
2810 2807
496 3859
4860 3816
57 4132
5510 4068
4001 3457
4002 3458
4004 3459
4007 3460
322 3071
323 3078
320 3056
22442 2122
326 3092
327 3097
324 3081
325 3087
328 3102
329 3107
7219 4659
3628 3280
4942 3851
56 4100
6995 4580
8776 5134
794 4869
4129 3522
3627 3279
565 4115
5013 3879
22066 2074
22065 2073
4764 3773
5188 3946
16610 1292
16617 1293
9649 5367
4714 3753
15797 1155
13627 773
2531 2464
15225 1069
4712 3751
15796 1154
12760 609
4718 3756
8248 4971
12765 610
4767 3774
3250 3088
3074 2983
16293 1238
27354 2712
2959 2923
3715 3320
3714 3319
8142 4937
19079 1670
3711 3317
16471 1272
15357 1093
17472 1413
17815 1461
9476 5319
7037 4595
9474 5318
9653 5368
16274 1236
9541 5340
19956 1799
19953 1798
8979 5188
4471 3652
4470 3651
13362 717
4472 3653
4475 3655
13365 718
24741 2396
25469 2481
4909 3836
6004 4247
2488 2409
2486 2405
13567 764
4675 3734
13565 763
4673 3732
4671 3731
4670 3730
17270 1383
17276 1384
11709 395
24848 2403
2244 2121
2246 2126
2247 2128
2241 2118
2242 2119
2243 2120
2464 2388
2465 2389
2466 2390
10729 191
21342 1990
5148 3931
10058 17
5146 3929
27958 2781
10055 16
20163 1829
10053 15
20165 1830
20166 1831
120 466
121 489
122 511
123 532
125 564
126 580
3406 3172
17012 1343
129 630
20764 1911
2654 2612
12885 628
5341 4003
3416 3182
4717 3755
4870 3820
16875 1325
7956 4874
7086 4610
12381 548
3414 3180
6131 4295
2068 1902
10613 163
26524 2608
10614 164
2874 2876
20240 1846
10619 165
2793 2777
13490 747
12148 496
13496 749
2797 2782
2066 1900
13495 748
14112 863
14113 864
7890 4856
5426 4034
9099 5215
17957 1487
7014 4590
3411 3177
18471 1571
18470 1570
9092 5212
3372 3154
10438 112
4645 3721
10128 35
21589 2022
28575 2856
8520 5060
7383 4718
10431 109
9306 5272
3370 3153
10127 34
22832 2174
10437 111
10436 110
7247 4670
13142 680
22833 2175
5664 4123
21745 2039
5090 3909
3574 3259
5092 3911
22855 2178
22852 2177
3573 3258
3572 3257
13387 723
2664 2625
2665 2627
3062 2978
2660 2621
13381 722
20987 1938
4667 3728
5075 3900
6440 4410
20983 1937
2668 2629
2669 2630
8069 4911
15732 1147
4902 3834
2938 2915
2939 2916
2936 2914
18615 1597
2930 2912
2931 2913
5619 4108
5327 3998
7111 4618
9578 5350
20344 1861
20345 1862
5320 3997
11894 445
18580 1587
11897 446
11890 443
10548 145
18587 1590
11893 444
20187 1836
1646 1268
1641 1256
1640 1254
1643 1262
1642 1259
3387 3159
12646 590
14282 888
14283 889
8815 5149
383 3371
14286 892
13039 659
14284 890
14285 891
792 4865
18276 1544
18906 1639
5654 4118
18900 1637
18903 1638
13033 658
18057 1505
605 4261
579 4162
15089 1042
604 4258
5753 4156
8746 5124
570 4133
577 4157
11099 265
6255 4338
17801 1459
2808 2799
2809 2802
24216 2340
15648 1133
3168 3033
3169 3034
3166 3032
12964 644
2801 2790
2806 2797
2807 2798
12963 643
2805 2793
1421 878
4981 3865
27518 2730
1424 882
5434 4037
4429 3634
1429 893
1428 887
20236 1845
3367 3150
3360 3147
3361 3148
8323 5002
731 4695
730 4691
735 4707
734 4701
737 4711
736 4709
739 4719
738 4716
9193 5242
9451 5312
2403 2314
24127 2325
7878 4853
1206 477
8101 4925
36 3270
13965 834
465 3722
1352 751
467 3729
2401 2310
461 3705
1356 762
1355 760
462 3707
5472 4052
5554 4085
5557 4086
15398 1098
18126 1516
15462 1111
9865 5424
15396 1097
24128 2326
15394 1096
14425 921
5521 4072
3224 3073
8182 4952
5493 4061
14428 922
11149 274
529 3990
8487 5046
4864 3817
1515 1054
1514 1052
1516 1055
8585 5079
1510 1044
7257 4673
1512 1049
27948 2778
15587 1128
959 5355
8235 4964
8367 5017
8366 5016
5840 4185
15267 1077
12545 574
23180 2213
15262 1076
12813 615
12540 573
27187 2696
9065 5209
5888 4203
12818 616
23633 2262
13811 801
958 5352
15066 1037
9965 5448
27745 2753
6597 4458
27986 2787
9066 5210
6558 4441
15068 1038
6946 4558
28766 2881
3186 3046
28765 2880
3181 3044
24432 2363
24433 2364
59 4211
3154 3027
3188 3048
22452 2124
6666 4474
16048 1197
16046 1196
19725 1764
9144 5229
19091 1673
7650 4799
11551 361
3397 3167
6667 4475
11555 362
5972 4235
6633 4466
23980 2303
23987 2305
6634 4467
23985 2304
6172 4312
11396 327
4018 3468
48 3789
8773 5133
7131 4624
13702 785
4012 3464
4011 3463
4010 3462
4017 3467
27296 2705
27295 2704
3396 3166
19432 1728
356 3248
7506 4753
21573 2017
353 3236
9813 5406
22212 2094
3105 2999
8159 4942
3986 3449
3987 3450
7509 4754
359 3266
358 3260
16605 1290
16606 1291
45 3663
9408 5302
21004 1942
21005 1943
21006 1944
485 3812
7919 4864
22076 2075
8234 4963
4707 3749
2327 2220
13633 775
4848 3811
7653 4800
10112 32
2329 2222
8671 5102
289 2891
288 2885
9616 5362
9562 5346
281 2806
280 2789
283 2830
282 2817
10956 237
284 2840
10954 236
286 2859
16461 1269
16462 1270
16463 1271
23039 2198
3766 3341
21173 1966
3769 3342
20778 1913
5436 4038
12426 553
16266 1234
25450 2479
267 2631
265 2601
264 2581
17393 1404
17394 1405
24985 2427
2499 2428
982 5409
6015 4249
3225 3074
2191 2057
2491 2413
2490 2412
4640 3718
2492 2415
13556 761
2497 2425
2496 2422
25581 2492
25580 2491
259 2523
19892 1788
21470 2004
2257 2134
11773 413
24853 2404
8052 4909
11777 415
11776 414
2477 2399
2476 2398
2475 2397
17024 1344
2472 2394
8251 4974
10041 13
4634 3714
986 5423
10045 14
984 5414
2478 2400
115 348
114 328
117 394
116 372
111 266
112 289
8051 4908
7312 4696
119 447
118 418
8489 5048
2785 2765
4484 3658
4802 3791
251 2443
2781 2761
2780 2760
12398 549
12399 550
256 2493
2789 2771
6893 4542
257 2499
9579 5351
9467 5316
2078 1914
12158 502
12159 503
11603 374
2073 1909
2072 1908
12156 500
12157 501
11609 375
6300 4352
12153 499
10135 37
10137 38
728 4680
18469 1569
14122 865
9081 5211
17733 1449
17732 1448
27985 2786
27984 2785
5666 4125
9938 5442
9842 5416
3508 3227
28532 2851
8954 5183
729 4685
7276 4678
7274 4677
9568 5347
3500 3221
3501 3222
18868 1634
3503 3223
3504 3224
12804 614
3506 3225
3507 3226
641 4392
5665 4124
823 4961
2209 2076
2679 2639
2678 2638
25842 2517
14389 917
15726 1143
15727 1144
6835 4525
15725 1142
2921 2908
15728 1145
2922 2909
14387 916
14386 915
18604 1596
10556 148
487 3819
5333 3999
10555 147
5339 4000
14637 958
14636 957
10559 149
1630 1240
1631 1244
1632 1246
3217 3068
1982 1776
1980 1772
1981 1774
3218 3069
3219 3070
1988 1786
1989 1787
7673 4806
8820 5151
26239 2561
8827 5152
6101 4286
13041 660
18266 1543
2815 2810
8778 5135
18043 1502
18044 1503
2369 2269
2178 2041
18048 1504
561 4104
563 4111
2819 2816
2818 2812
566 4120
18287 1546
163 1239
17816 1462
7645 4797
12979 648
3171 3037
3170 3036
12974 647
3174 3039
12970 646
3176 3040
8957 5184
7082 4609
5429 4036
6541 4438
1188 441
1189 442
1186 434
1187 437
1184 432
1185 433
1182 426
1183 429
1180 419
1181 423
988 5427
727 4676
724 4667
725 4672
5533 4079
6686 4482
720 4652
721 4655
1744 1411
7610 4781
1740 1406
1742 1408
5499 4062
6495 4425
5029 3882
1166 388
1167 389
1160 373
1161 376
1162 381
1163 384
4247 3558
13954 833
4242 3556
6498 4426
4241 3555
5520 4071
17900 1478
5532 4078
6976 4571
5525 4073
5527 4074
6943 4557
7922 4866
6941 4556
6467 4418
18131 1517
5345 4004
18133 1518
8769 5130
472 3757
24539 2377
28372 2837
11177 281
1864 1602
49 3832
26922 2657
44 3620
14418 920
43 3584
40 3455
41 3507
7298 4689
471 3750
5492 4060
9503 5328
6744 4497
1293 635
1291 633
13543 757
1297 645
8874 5163
1295 639
474 3764
796 4877
7346 4704
475 3769
1711 1360
7751 4828
6974 4569
12551 575
15272 1078
13828 807
2426 2343
15277 1079
7229 4662
793 4867
13821 803
2588 2520
13827 806
13826 805
13824 804
4440 3639
15070 1040
4441 3640
4391 3617
5636 4112
5637 4113
4395 3618
6975 4570
4397 3619
3197 3053
473 3762
3195 3052
3194 3051
3193 3050
1363 774
1360 767
1361 769
8488 5047
1865 1603
28207 2820
28201 2819
3699 3307
1368 781
1369 782
