16079 597
593 2273
4026 1820
4027 1821
3571 1692
11544 184
4028 1822
22662 1076
160 586
5986 2285
966 2896
345 1656
346 1660
347 1664
340 1630
341 1635
342 1643
348 1666
3991 1812
19372 844
967 2897
6354 2358
6153 2321
6154 2322
6156 2323
606 2299
960 2889
4845 2009
4730 1983
2311 1110
5854 2254
298 1462
299 1465
296 1452
297 1458
294 1446
295 1449
5858 2255
291 1437
3777 1742
587 2256
3779 1743
270 1322
271 1332
13546 387
273 1342
4651 1959
275 1356
277 1370
17382 692
4658 1962
25443 1241
6728 2422
2269 1079
16387 626
16386 625
2263 1073
2260 1071
4029 1823
2266 1075
2267 1077
2265 1074
5821 2245
9528 2878
2447 1191
2444 1190
9252 2835
9250 2833
10704 96
108 107
109 117
7863 2622
7860 2621
102 35
100 2
101 23
2047 926
2044 923
2045 924
2042 921
2043 922
2040 919
2041 920
8232 2682
11630 200
2048 928
2049 929
6379 2362
3150 1524
11613 197
3157 1527
6374 2361
6887 2462
9616 2891
18458 769
11942 237
10385 59
8099 2663
9630 2894
9323 2849
9321 2848
9326 2850
3751 1736
541 2142
3519 1676
7268 2524
18857 802
7267 2523
9939 2938
6206 2337
6207 2338
6203 2336
2684 1310
2686 1311
2687 1313
2680 1308
3999 1813
10008 5
6804 2442
15866 573
15711 560
99 2933
98 2914
9740 2910
6882 2461
90 2797
95 2877
96 2888
1623 613
21437 997
1992 886
1627 616
10096 22
1625 615
1624 614
1999 891
1629 617
5189 2104
3208 1550
3858 1773
559 2194
2867 1414
555 2185
554 2183
557 2190
556 2188
551 2176
550 2172
5480 2166
14713 483
17827 724
15662 556
7672 2596
15666 557
14248 444
12944 330
8729 2759
5450 2159
1190 229
3340 1607
1192 232
1195 238
1194 236
1197 239
5051 2070
1756 704
1755 703
1754 701
1753 700
1752 699
1751 698
1750 697
1177 214
1176 213
1175 212
1174 211
1173 209
6973 2475
12497 289
12496 288
12499 290
23506 1129
15919 578
23050 1107
15449 546
24525 1195
5531 2182
1285 321
1284 320
1287 324
1280 315
1283 319
11164 142
11160 141
514 2091
1579 566
688 2460
877 2763
1573 562
1572 561
687 2458
1570 559
681 2443
680 2441
683 2448
1574 563
459 1946
8051 2656
873 2760
4521 1930
871 2757
8013 2649
8012 2648
8011 2647
8010 2646
4389 1899
15040 513
7452 2562
6577 2401
7451 2561
2035 913
5620 2203
1371 404
1370 402
404 1828
1375 407
1374 406
8495 2728
400 1815
1379 411
452 1929
9420 2862
3830 1763
3832 1764
3833 1765
3838 1766
455 1939
13721 405
4033 1825
4037 1826
10481 68
4038 1827
11571 190
8291 2697
11373 165
379 1746
6535 2390
370 1722
19144 828
5665 2214
16664 647
5664 2213
25053 1223
392 1791
391 1790
397 1806
396 1804
395 1802
8298 2700
399 1811
2309 1108
6780 2435
4729 1982
6787 2439
6786 2438
7045 2489
888 2780
2303 1104
4726 1980
2304 1105
27383 1347
11289 159
898 2794
5845 2252
5843 2251
16061 595
5732 2229
4405 1903
26494 1290
11286 158
3748 1734
6355 2359
245 1194
244 1187
247 1203
7499 2565
19968 890
243 1180
22701 1081
4628 1952
249 1211
5917 2270
19963 889
2275 1087
2274 1086
2277 1090
2271 1082
2273 1084
2272 1083
5911 2268
12005 243
2278 1091
12000 242
811 2666
9249 2832
9248 2831
7046 2490
3201 1547
2455 1196
2456 1197
17282 684
7857 2620
179 728
177 712
176 708
13282 354
170 660
2051 931
2055 933
2054 932
2056 934
4534 1934
3691 1721
4824 2006
4822 2005
4532 1933
4821 2004
9402 2860
7985 2643
10623 89
196 857
10407 60
10159 31
3526 1679
28098 1390
3520 1677
3521 1678
9622 2892
22753 1088
4655 1960
7210 2512
18843 801
272 1337
7216 2514
13194 346
3225 1560
4656 1961
2697 1321
2696 1318
2693 1317
2691 1316
2690 1315
6819 2447
14877 499
14876 498
26964 1319
26965 1320
6813 2444
14879 500
6814 2445
6817 2446
278 1373
3223 1558
20461 925
10576 83
1970 867
9759 2911
18936 808
1618 609
1619 611
1616 606
1967 865
1612 601
1613 602
1610 599
1963 860
2872 1417
2870 1416
2877 1420
2879 1421
27545 1359
27544 1358
27540 1357
7663 2594
3359 1610
7666 2595
8850 2774
807 2659
5441 2155
5440 2154
5447 2158
5446 2157
5445 2156
18622 786
1769 710
1760 709
1142 168
1147 175
6967 2474
23049 1106
1148 176
8622 2745
5504 2175
18151 745
5503 2174
5501 2173
1546 547
2381 1146
690 2465
691 2468
696 2473
542 2146
762 2585
2382 1148
544 2153
760 2577
5138 2090
761 2580
2969 1457
1941 848
12 240
9989 2943
15296 533
15297 534
9983 2942
14504 468
5618 2202
5612 2201
27309 1343
5610 2200
6566 2398
17255 683
7687 2598
415 1854
416 1856
417 1859
1389 418
413 1848
1384 416
3324 1603
1386 417
1382 412
1383 415
3827 1760
3829 1762
3828 1761
8446 2723
11562 189
3043 1482
870 2756
4283 1873
4286 1874
9258 2836
4288 1875
4289 1876
20627 935
368 1718
366 1712
367 1714
362 1707
363 1709
360 1701
361 1704
22025 1037
5275 2119
7224 2516
380 1750
381 1752
382 1759
7059 2491
385 1770
386 1774
387 1777
388 1779
9251 2834
12723 307
10989 122
7639 2588
23862 1152
5873 2258
5870 2257
7864 2623
5877 2259
11291 160
3758 1740
21127 977
3750 1735
3753 1738
3752 1737
3755 1739
21122 976
13523 385
2192 1031
13521 384
2194 1032
13525 386
2198 1033
22739 1085
25426 1240
257 1247
2209 1038
11587 191
6683 2414
6684 2415
6685 2416
11588 192
20896 953
7521 2567
2421 1176
2422 1177
4428 1910
2427 1178
6785 2437
168 652
169 656
165 638
166 643
16349 623
7840 2617
17292 685
163 618
3689 1720
12104 258
38 1749
4835 2007
4522 1931
3685 1719
3212 1553
2519 1230
6192 2335
2514 1229
2510 1228
9340 2852
9615 2890
2731 1344
2739 1348
3213 1554
3533 1682
3532 1681
13180 345
3534 1683
10366 57
10360 56
5052 2071
1817 747
6076 2304
1818 750
8637 2750
6225 2339
20386 917
18549 775
8633 2747
15841 571
2795 1379
18543 774
8144 2672
20478 927
6992 2478
10500 71
6993 2479
10506 72
8257 2692
4951 2043
3229 1562
3228 1561
7331 2537
4328 1886
1601 588
3224 1559
1603 591
1602 589
1605 592
1972 868
1607 596
1606 594
809 2662
808 2661
13270 352
802 2650
8851 2775
4955 2044
3588 1698
806 2658
805 2654
13279 353
2849 1408
18765 794
18764 793
10211 40
3325 1604
28505 1410
14264 445
5479 2165
1775 717
1774 716
10186 32
1771 713
5271 2118
3970 1807
1779 719
6999 2481
18160 746
1155 185
1154 183
8635 2748
1156 188
8145 2673
6991 2477
1153 182
1152 181
9286 2840
5511 2178
3038 1480
5517 2179
3039 1481
25898 1257
1555 550
1554 549
1557 552
57 2218
11101 136
3030 1479
11107 137
14465 467
537 2133
536 2132
535 2130
534 2126
15597 553
538 2135
8036 2653
8032 2652
51 2083
21447 998
50 2055
9999 2945
12858 323
8529 2731
12588 297
5602 2198
12850 322
52 2107
11037 127
11031 126
493 2034
1399 423
420 1860
425 1867
1391 419
3810 1753
3811 1754
3816 1757
3814 1755
3815 1756
3818 1758
26546 1297
23250 1116
22382 1058
6427 2371
4299 1878
13989 422
4294 1877
11350 163
6428 2372
7548 2571
22250 1050
7546 2569
7547 2570
16137 603
6161 2324
6163 2326
6162 2325
6164 2327
4748 1987
19296 837
6768 2433
4743 1985
23814 1147
6761 2432
4744 1986
16006 587
21138 978
24940 1217
2183 1024
2180 1021
229 1098
228 1092
227 1080
4602 1949
222 1045
220 1036
2212 1041
2211 1040
2210 1039
2215 1043
2214 1042
2218 1044
19584 856
151 518
150 509
2439 1186
154 543
157 558
156 554
159 575
158 567
2431 1181
8599 2741
2436 1185
2435 1184
2434 1183
16350 624
7831 2616
12111 260
4518 1928
12118 261
4513 1927
6187 2332
6186 2331
2507 1225
2506 1224
2505 1222
9427 2864
17777 718
2724 1340
9353 2853
2721 1339
2720 1338
3763 1741
27948 1378
7940 2634
21715 1018
5047 2069
10373 58
5040 2068
1807 742
3783 1744
1804 741
1802 740
1800 739
16916 657
8184 2679
4995 2053
4992 2051
10777 104
10774 103
4991 2050
4999 2054
14674 477
91 2810
9777 2913
1524 529
7301 2532
3713 1725
7305 2533
1943 849
1940 847
18959 810
1946 851
13080 336
3256 1573
13082 337
13243 351
13242 350
13241 349
7007 2483
11917 230
810 2665
11918 231
812 2669
7006 2482
1991 885
1250 292
2850 1409
26838 1309
10206 37
3332 1606
3204 1548
1495 505
5469 2164
1499 507
10209 38
10196 33
5264 2116
1705 664
1707 666
1709 668
3200 1546
10198 34
15850 572
25802 1253
1128 157
18176 749
1120 150
2092 957
1124 153
1125 154
1127 156
8023 2651
21161 980
14697 479
2988 1464
3029 1477
2980 1463
525 2115
527 2117
520 2108
522 2111
1015 30
1011 25
1012 26
1013 29
1230 277
1231 278
8510 2730
28399 1406
28398 1405
5673 2216
22880 1097
4355 1896
4351 1894
4352 1895
11002 124
6500 2385
6504 2386
28085 1388
438 1898
13567 392
434 1889
432 1884
4674 1968
3801 1751
999 2944
8460 2724
8469 2725
6436 2375
6435 2374
5708 2225
5705 2223
5706 2224
5700 2220
5702 2221
5703 2222
19629 859
1960 858
19334 843
4771 1991
6750 2428
6756 2430
6893 2463
6755 2429
9944 2939
5810 2243
997 2940
24974 1218
234 1123
235 1128
236 1135
237 1141
230 1101
231 1109
232 1113
233 1117
998 2941
21896 1027
2224 1049
992 2936
2222 1048
2220 1046
7673 2597
2627 1278
5929 2272
147 480
27472 1354
83 2701
4884 2019
20704 939
148 494
149 502
4504 1925
4507 1926
4501 1923
5140 2092
4502 1924
21099 974
5352 2131
2089 952
79 2628
80 2645
16694 650
25084 1227
2081 949
2084 950
25083 1226
3402 1631
5451 2160
2533 1235
2531 1233
7076 2493
2534 1236
7077 2494
2716 1333
2717 1334
9369 2855
5454 2161
2718 1335
5455 2162
7221 2515
17167 676
8986 2795
5456 2163
7229 2517
5073 2074
9167 2823
9161 2822
5075 2075
1830 760
1831 764
1836 765
3795 1747
3796 1748
4980 2047
939 2858
2405 1166
2150 1001
2151 1002
2153 1004
933 2851
932 2847
931 2846
930 2842
2158 1008
10742 100
5384 2136
5385 2137
11838 225
10520 74
5389 2138
18561 776
18564 777
1955 854
14069 433
9700 2903
4408 1905
9704 2904
1958 855
3249 1569
3248 1568
3096 1499
8877 2779
18968 812
3243 1567
24110 1169
3240 1566
7312 2535
829 2696
828 2695
16973 659
825 2687
824 2683
827 2694
823 2681
3097 1500
12908 328
618 2330
8160 2676
1487 497
1486 496
1485 495
3309 1596
3306 1594
3307 1595
1489 501
9019 2801
3300 1592
5493 2170
796 2637
14198 440
14199 441
793 2632
1171 207
1715 675
24022 1163
10065 15
8164 2677
24028 1164
799 2644
798 2642
612 2317
1138 166
1137 164
18180 751
1135 162
617 2328
920 2827
1179 217
6252 2342
6239 2341
1994 887
3012 1474
3013 1475
7146 2505
8248 2686
3014 1476
14689 478
519 2105
926 2837
1009 21
1008 20
1007 17
510 2084
513 2088
13495 379
515 2096
1002 7
516 2098
8052 2657
12875 325
8050 2655
1223 270
1221 269
1229 273
23122 1111
5663 2212
15554 551
15004 511
5667 2215
4349 1893
4348 1892
4346 1891
970 2902
4342 1890
2883 1425
2880 1423
2881 1424
2885 1426
26664 1301
23019 1102
24291 1179
3871 1778
26524 1294
9386 2857
11338 161
9093 2809
11 123
10 1
13 334
12470 287
15 508
3119 1509
6405 2368
5716 2226
8183 2678
8636 2749
28676 1415
3906 1789
3900 1788
19322 841
13650 398
23344 1122
13653 399
23832 1149
23343 1121
11488 178
9174 2825
11485 177
4166 1858
4164 1857
9300 2843
16028 590
8245 2684
24636 1198
5807 2242
5806 2241
19746 870
201 898
203 912
202 908
205 930
209 954
208 947
685 2454
23023 1103
2231 1052
2230 1051
2235 1056
2234 1053
2236 1057
10826 110
16116 600
5091 2081
5939 2274
6050 2297
17575 705
21647 1013
21645 1012
3497 1670
3494 1669
20847 951
2091 956
2090 955
2093 959
13406 369
4579 1941
2099 963
2098 962
2527 1232
16684 649
8421 2720
16680 648
11461 174
25388 1237
598 2284
4889 2020
5066 2073
2709 1330
2708 1329
2705 1326
2704 1325
258 1252
2706 1327
2701 1323
9377 2856
2702 1324
7963 2638
7965 2639
10683 93
7969 2640
9173 2824
1829 757
1828 756
1824 754
4407 1904
1821 752
928 2839
929 2841
2415 1172
2414 1171
2417 1174
2416 1173
2419 1175
10751 102
923 2829
924 2830
4971 2046
2149 999
927 2838
5390 2139
10538 76
11801 218
5398 2140
11807 219
8539 2734
3274 1580
9713 2905
8382 2713
20110 899
832 2706
830 2702
831 2704
835 2709
838 2712
839 2714
3478 1665
11934 235
11933 234
5586 2193
14234 443
18992 814
6570 2400
4249 1866
9002 2798
5488 2168
3313 1598
3314 1599
3317 1601
3316 1600
787 2624
781 2615
788 2626
1723 681
5243 2114
15831 569
15836 570
7027 2486
3330 1605
6301 2349
3005 1470
3004 1469
3006 1471
3001 1467
3000 1466
3003 1468
3009 1472
407 1836
1589 574
7153 2507
5482 2167
2433 1182
9009 2799
508 2076
1032 52
1030 49
1031 51
502 2061
503 2063
1034 54
1035 55
630 2347
631 2351
632 2353
1211 259
1215 262
9451 2868
6521 2388
15013 512
989 2932
4372 1897
5657 2210
5653 2209
5651 2208
2899 1433
2898 1432
28267 1400
2894 1429
11062 132
11067 133
2892 1427
1106 131
1104 128
1105 130
1102 125
1452 469
1458 470
1459 471
464 1956
686 2457
3869 1776
3868 1775
28282 1402
4088 1840
4089 1841
1648 637
7364 2546
3735 1733
12469 286
7577 2573
5720 2227
15302 535
3732 1731
7777 2610
7776 2609
1892 807
3149 1522
8813 2772
19484 852
6735 2425
4795 1998
3070 1491
5835 2248
4925 2033
4154 1855
4030 1824
26464 1287
19007 816
216 1010
214 996
215 1000
212 983
213 990
210 965
211 975
22679 1078
218 1020
219 1028
11785 216
957 2885
6086 2307
6087 2308
956 2883
16561 641
6649 2409
16165 607
16169 608
6051 2298
5909 2267
21853 1025
7809 2614
24827 1209
21674 1017
3484 1668
9421 2863
3648 1711
21073 972
19866 879
60 2287
6023 2293
2557 1245
9841 2924
6393 2364
6394 2365
6395 2366
2397 1159
63 2346
24918 1214
18290 758
2727 1341
10323 53
5015 2060
4891 2022
4897 2024
5162 2099
4895 2023
9498 2876
6836 2450
7976 2641
17140 673
17142 674
9145 2819
1858 778
1859 780
3165 1530
5166 2100
4417 1907
9354 2854
12095 255
3077 1493
12096 256
9825 2923
9549 2882
914 2818
2178 1019
916 2821
911 2814
6069 2301
913 2817
912 2815
9726 2908
2600 1267
9723 2907
2602 1268
20921 958
9729 2909
1933 842
1932 840
1931 839
3262 1577
10787 106
24132 1170
1939 845
10030 8
5123 2087
3467 1663
3464 1662
843 2722
3462 1661
841 2717
7215 2513
7372 2548
8892 2781
849 2726
11928 233
13239 348
12326 279
9195 2826
12328 280
3367 1614
14952 506
26864 1312
7014 2485
1738 691
21521 1003
1731 687
1733 689
1732 688
1736 690
11815 222
11813 221
752 2566
759 2574
1595 582
506 2072
1591 577
1590 576
1593 581
1592 579
3078 1494
2957 1450
1598 584
1024 42
1027 47
1026 46
1021 39
1020 36
1022 41
7160 2508
3785 1745
500 2056
501 2059
605 2296
604 2294
3420 1644
1209 254
1208 251
602 2291
1205 247
1204 246
1207 250
12896 326
609 2309
608 2306
1203 245
1202 244
5646 2206
3108 1504
3109 1505
3104 1501
28271 1401
3106 1503
637 2360
1446 466
6337 2356
1117 143
1116 140
1119 146
1118 144
4278 1872
4993 2052
6781 2436
4091 1843
4090 1842
4990 2049
22348 1055
22346 1054
22611 1072
4099 1844
460 1948
5735 2231
9696 2901
5731 2228
463 1953
489 2021
488 2018
487 2016
486 2015
485 2013
484 2008
482 2003
8415 2718
991 2935
3499 1671
6959 2472
9807 2917
9806 2916
9804 2915
6339 2357
7742 2606
7741 2605
4727 1981
3923 1792
3925 1793
6666 2411
3929 1794
4049 1830
8307 2703
8264 2693
4789 1997
4785 1996
4784 1995
4783 1994
4782 1993
19014 817
5822 2246
4149 1853
4148 1852
4146 1851
4143 1850
7330 2536
9938 2937
3850 1771
3851 1772
28108 1393
22765 1089
5840 2250
16577 642
19786 871
6095 2310
3294 1588
2895 1430
19658 862
5848 2253
25743 1248
5913 2269
2896 1431
199 884
198 872
194 846
197 866
17226 680
191 825
190 815
193 838
192 833
6385 2363
3679 1717
2893 1428
13429 374
13428 373
13424 372
3677 1716
3675 1715
21992 1034
2542 1239
2541 1238
2549 1244
8662 2752
11443 172
17236 682
11440 171
2385 1151
2384 1150
2388 1153
26250 1277
3580 1695
2769 1369
5000 2057
3584 1696
9150 2820
5005 2058
3587 1697
2763 1366
2762 1365
2760 1364
17139 672
9488 2874
902 2802
1849 772
901 2800
12245 271
6279 2343
1841 768
1840 767
4424 1909
6077 2305
12087 252
6072 2303
6071 2302
3251 1571
2165 1014
2167 1016
2166 1015
2160 1011
12089 253
2617 1270
2614 1269
8493 2727
20957 961
3255 1572
7346 2540
7347 2541
7345 2539
3298 1590
1908 822
17042 663
1906 820
3295 1589
5134 2089
1902 818
3291 1586
7348 2542
3293 1587
856 2736
3456 1658
3457 1659
3455 1657
9438 2866
14786 492
7009 2484
20000 893
10243 43
10244 44
10245 45
813 2671
5222 2112
21536 1005
5227 2113
8900 2783
11696 204
13115 341
15811 568
427 1870
740 2553
741 2554
742 2557
743 2558
744 2560
746 2563
748 2564
15149 522
3062 1489
15782 565
6897 2464
3064 1490
2942 1448
2941 1447
1050 70
1051 73
1053 75
1054 77
1055 78
1056 82
1696 658
2918 1439
8295 2698
2919 1440
2595 1262
715 2506
4310 1882
4312 1883
619 2333
1270 306
6238 2340
610 2312
1273 308
1274 309
1275 312
1277 314
11045 129
711 2497
8790 2767
8791 2768
8247 2685
24481 1193
24480 1192
1490 503
14763 488
7044 2488
3117 1508
3116 1507
14769 489
2469 1202
3110 1506
1470 481
1471 482
1474 484
1475 485
15968 583
1478 491
1479 493
9816 2919
23204 1114
23205 1115
1303 335
6559 2395
499 2048
23596 1134
494 2037
495 2042
496 2045
6412 2370
490 2027
491 2028
13932 420
24 1161
3184 1539
26 1265
22 1035
23 1100
7596 2576
7595 2575
5039 2067
28 1380
6475 2378
15365 540
3187 1541
7751 2608
1700 661
3934 1797
3937 1798
3931 1796
3930 1795
8333 2707
26404 1284
9907 2934
4133 1849
5690 2217
3845 1767
3846 1768
3849 1769
5305 2122
22406 1059
7911 2629
13754 409
4047 1829
13753 408
13759 410
12656 304
6145 2320
16146 604
19664 864
19663 863
5965 2281
17548 702
4257 1868
3661 1713
2280 1093
2281 1094
2282 1095
4549 1938
4548 1937
13434 375
11699 205
2576 1250
2575 1249
11692 203
17300 686
2378 1144
2379 1145
4461 1919
4535 1935
11454 173
2376 1142
8311 2705
2594 1261
18170 748
9122 2816
17430 695
2592 1259
2593 1260
10307 50
5035 2066
2598 1263
2599 1264
78 2613
5031 2064
1876 792
1877 795
1871 791
7913 2630
595 2277
25226 1231
1878 796
977 2912
4944 2040
4941 2038
972 2906
183 759
6285 2345
596 2280
4949 2041
6281 2344
2118 981
2119 982
180 738
6041 2295
186 781
187 790
184 766
185 773
4676 1969
188 797
189 803
2623 1272
20948 960
14027 427
2625 1276
15920 580
2628 1279
5109 2086
9584 2886
21304 991
1911 826
5103 2085
3285 1584
21308 992
1915 829
1914 827
1917 831
1916 830
5830 2247
3445 1655
860 2742
863 2746
862 2744
3441 1653
3442 1654
2756 1361
2757 1362
2755 1360
10499 69
5340 2127
2759 1363
882 2773
880 2769
887 2778
886 2777
10271 48
18230 753
4590 1947
9059 2805
5212 2109
5213 2110
2825 1399
14156 438
11251 155
20121 901
357 1691
3988 1810
18307 763
18304 762
18301 761
15178 524
779 2612
7638 2587
17931 733
2978 1460
2979 1461
3058 1487
3056 1485
14373 457
3055 1484
14376 460
2977 1459
14374 458
14375 459
1043 61
1047 67
1046 65
1045 63
1044 62
1685 653
1689 655
5439 2152
4303 1880
1269 305
8251 2689
8250 2688
669 2418
4304 1881
667 2413
1262 302
1261 299
664 2408
662 2406
8422 2721
660 2403
7359 2544
8789 2766
3388 1623
6064 2300
28054 1384
10010 6
7619 2584
14771 490
3283 1583
3121 1511
3126 1512
7611 2582
3282 1582
1464 475
1467 476
15992 585
1316 344
1313 342
1311 340
1310 339
23767 1143
15425 544
5752 2233
5750 2232
4608 1950
9820 2921
4239 1863
27074 1328
4231 1862
5599 2196
5598 2195
529 2120
861 2743
23166 1112
7725 2603
22562 1067
319 1542
318 1537
312 1510
3943 1799
317 1533
316 1529
315 1523
314 1517
11203 151
11209 152
23302 1118
6707 2420
12502 293
4129 1847
15226 527
15225 526
19079 821
4126 1846
443 1911
3722 1727
7431 2559
442 1908
441 1906
27787 1371
23947 1156
23946 1155
16088 598
444 1912
23418 1124
23948 1157
11510 180
4059 1831
27094 1331
5973 2282
2494 1216
3407 1633
5975 2283
3610 1705
19852 877
2298 1099
19502 853
16335 622
21043 968
3618 1706
5196 2106
11429 169
26239 1275
2369 1140
26232 1273
26233 1274
2363 1138
2362 1137
2361 1136
5029 2062
7291 2529
2585 1255
2584 1254
17111 671
7298 2531
865 2751
2588 1256
4440 1913
1860 782
1862 785
1865 788
1864 787
4447 1915
1869 789
4449 1917
3727 1728
3721 1726
3207 1549
4684 1971
4685 1972
4934 2035
4935 2036
963 2893
2108 973
11731 210
5576 2192
20807 948
2102 966
2107 971
2106 970
2105 969
10001 3
10002 4
2636 1283
2631 1280
2632 1281
17063 665
6729 2423
21919 1030
7071 2492
9595 2887
17593 707
3092 1496
878 2765
640 2367
3430 1647
3431 1648
3432 1649
3433 1650
872 2758
1535 539
3436 1651
3437 1652
2037 915
2036 914
2743 1350
4848 2012
2747 1353
2746 1352
2748 1355
4846 2010
4847 2011
3483 1667
2039 918
2038 916
890 2782
893 2788
894 2789
27895 1376
899 2796
439 1900
10461 66
9042 2803
9046 2804
3545 1684
3546 1685
3547 1686
6191 2334
24072 1167
3235 1564
24076 1168
641 2369
1964 861
8911 2786
8915 2787
7841 2618
11191 147
2964 1455
2967 1456
1615 605
2960 1453
2962 1454
11199 148
1781 720
1782 723
4564 1940
1784 725
764 2589
765 2592
7110 2498
6878 2459
17928 731
15762 564
27419 1349
5378 2134
1078 105
643 2373
1075 101
1072 97
1073 99
1070 95
1679 651
1096 120
1097 121
1090 118
679 2440
675 2427
676 2431
677 2434
4332 1887
4333 1888
672 2421
673 2424
3134 1516
3131 1514
3130 1513
3132 1515
20205 909
7608 2579
7606 2578
6016 2290
7292 2530
1419 439
61 2311
775 2607
644 2376
1329 355
13556 389
8682 2753
15434 545
6904 2467
6903 2466
8687 2754
15346 538
4206 1861
773 2604
27667 1368
772 2602
5561 2189
1256 295
1526 531
1253 294
1522 525
1523 528
1258 296
646 2377
19892 883
301 1473
3951 1803
303 1478
306 1488
778 2611
4111 1845
8351 2710
7894 2627
77 2599
3357 1609
5143 2093
19040 819
20264 911
5415 2144
27790 1372
648 2379
4448 1916
4899 2025
6602 2404
23953 1158
3057 1486
4062 1834
853 2732
4060 1832
4061 1833
5943 2275
4069 1835
5948 2276
5784 2237
5781 2236
4639 1955
3051 1483
3606 1703
3605 1702
3413 1638
5154 2097
16183 610
25799 1251
8146 2674
12180 268
7528 2568
6110 2316
12740 310
26209 1271
12742 311
2358 1133
11439 170
2352 1130
2354 1131
19228 834
17100 669
7286 2528
9108 2813
7284 2527
10673 92
9455 2869
10671 91
9103 2812
17690 711
4457 1918
1894 809
1896 811
1897 813
3733 1732
1891 806
21143 979
3730 1730
4922 2032
4921 2031
2133 993
4697 1973
4698 1974
954 2879
12295 275
12294 274
17214 679
11725 208
9496 2875
17212 677
17213 678
6020 2292
477 1990
21819 1023
21818 1022
10071 18
2649 1289
10073 19
20144 902
12256 272
2642 1285
2646 1286
2647 1288
17079 667
17584 706
3421 1645
2782 1374
3424 1646
2002 895
2000 892
2001 894
2007 896
4858 2014
4585 1944
2008 897
4586 1945
4581 1943
4580 1942
9691 2900
8255 2691
5032 2065
14917 504
10452 64
9671 2898
10100 24
3556 1688
3555 1687
8253 2690
8159 2675
10580 84
10582 85
8909 2785
7957 2635
665 2410
8902 2784
2910 1438
1799 737
1798 736
9463 2870
718 2509
1793 732
1792 730
11188 145
1790 729
1796 735
1795 734
710 2496
6849 2453
7126 2500
6840 2452
9544 2880
1069 94
6306 2350
1060 87
1062 88
5304 2121
1064 90
5306 2123
910 2811
12153 263
6590 2402
1086 115
1085 114
592 2271
1083 111
1081 109
1080 108
599 2286
4320 1885
1088 116
714 2504
3145 1518
3146 1519
3147 1520
3148 1521
14040 430
2821 1397
2823 1398
3386 1621
3387 1622
5416 2145
3385 1620
20212 910
5411 2143
7632 2586
14756 487
17866 726
14752 486
3389 1624
1409 436
1408 435
1403 428
1402 426
1401 425
1400 424
1407 434
1406 432
1405 431
1404 429
1339 367
1338 365
1335 362
1334 361
1337 364
1336 363
1331 358
1330 357
1333 360
1332 359
9843 2926
9842 2925
18107 743
9846 2928
9844 2927
8125 2670
5345 2129
3261 1576
26756 1305
8297 2699
7700 2600
3260 1575
33 1591
32 1544
5574 2191
36 1700
34 1629
1241 282
3093 1497
1243 284
1242 283
1533 537
1244 285
1531 536
3095 1498
649 2380
10039 9
28324 1404
9545 2881
3264 1578
339 1625
338 1619
335 1608
19183 832
337 1616
336 1611
331 1597
332 1602
7613 2583
8347 2708
3898 1786
3899 1787
7414 2555
7415 2556
3892 1784
3893 1785
3891 1783
12620 303
6617 2405
842 2719
10840 112
5952 2278
4078 1839
10848 113
5958 2279
840 2716
4071 1837
4072 1838
3963 1805
5791 2239
5080 2077
21027 967
3639 1710
12059 248
6746 2426
13502 381
16193 612
2344 1126
2343 1125
6107 2314
6104 2313
2349 1127
12753 313
19233 835
19234 836
27341 1345
8857 2776
9445 2867
16448 631
3709 1724
25471 1243
3702 1723
1883 800
1880 798
2121 984
5753 2234
2123 986
2122 985
2124 987
2127 989
2126 988
4917 2029
4666 1963
4667 1964
943 2865
940 2859
941 2861
9821 2922
5171 2101
5177 2102
10067 16
10064 14
20178 907
2653 1295
2652 1293
2651 1292
9209 2828
2655 1298
2654 1296
133 356
132 347
131 338
3415 1640
3412 1637
136 393
134 368
5185 2103
7383 2551
3419 1642
6326 2355
12175 267
6320 2354
2016 903
14381 461
2012 900
9065 2806
18487 771
21578 1006
21579 1007
3561 1689
18801 799
3564 1690
8978 2792
10593 86
20995 964
8974 2791
2903 1435
2901 1434
709 2495
6853 2455
2908 1436
6859 2456
7565 2572
27434 1351
7131 2501
14614 472
7133 2502
6562 2397
7134 2503
84 2715
85 2729
8805 2770
14297 451
1651 639
8808 2771
1655 640
1630 619
584 2249
582 2244
580 2240
1631 620
8757 2762
1632 621
588 2260
589 2263
3152 1525
11088 134
17870 727
3154 1526
3210 1552
3158 1528
988 2931
2830 1403
3391 1626
5406 2141
1434 456
1432 454
1433 455
1430 452
1431 453
3399 1628
28557 1412
28556 1411
59 2266
1348 378
23555 1132
4265 1869
1341 370
1342 371
453 1932
454 1936
1345 376
1346 377
27643 1367
6927 2469
8111 2667
766 2593
8115 2668
26746 1304
7715 2601
14430 465
11153 139
5545 2184
656 2396
657 2399
1500 510
655 2392
1506 514
653 2389
651 2387
8597 2740
1508 516
3086 1495
23333 1120
3944 1800
3945 1801
17024 662
8571 2737
5896 2264
5897 2265
8579 2738
3887 1781
4918 2030
3883 1780
15253 530
3888 1782
24421 1189
24420 1188
19080 823
25310 1234
22448 1064
16053 593
26357 1282
12616 301
12614 300
6702 2419
5510 2177
4001 1816
4002 1817
322 1557
323 1563
320 1545
321 1551
326 1574
327 1579
324 1565
325 1570
328 1581
329 1585
4942 2039
6995 2480
794 2633
3627 1708
16610 646
4714 1979
2331 1119
13627 396
4713 1978
6131 2318
6136 2319
4767 1989
3074 1492
27354 1346
2959 1451
16471 636
9470 2872
12979 333
9476 2873
7037 2487
9653 2895
4478 1921
19956 888
25460 1242
8979 2793
4470 1920
24993 1220
6000 2288
2487 1210
13565 391
4673 1967
4671 1966
7644 2590
2248 1066
2244 1063
2247 1065
2241 1060
2242 1061
2243 1062
2464 1199
2465 1200
2466 1201
10729 98
21342 994
5148 2095
10058 13
5147 2094
10055 12
20163 904
10053 11
20165 905
20166 906
120 241
121 257
123 276
125 291
126 298
3406 1632
3409 1634
129 327
20764 943
5341 2128
3416 1641
4870 2017
16875 654
3414 1639
2068 938
2793 1377
6318 2352
13496 380
2066 936
2067 937
14113 437
3373 1618
3411 1636
18471 770
9092 2808
3372 1617
7382 2550
10128 28
8531 2733
9306 2845
5422 2147
10127 27
9302 2844
21582 1009
7247 2519
13142 343
7241 2518
3574 1693
5093 2082
22852 1096
7248 2520
13387 366
2664 1300
611 2315
2660 1299
7958 2636
2669 1302
2939 1445
2936 1444
2931 1443
7849 2619
5320 2124
11890 228
18587 779
1646 632
1641 628
1640 627
1643 630
1642 629
23945 1154
14282 446
14283 447
14286 450
14284 448
14285 449
18900 804
18903 805
8079 2660
579 2238
15089 517
8746 2761
570 2219
577 2235
2808 1387
2809 1389
15648 555
3168 1532
3166 1531
601 2289
2801 1382
2806 1385
2807 1386
2805 1383
1421 442
3368 1615
6493 2381
5434 2151
9688 2899
6172 2329
3366 1613
21885 1026
3361 1612
731 2534
735 2543
734 2538
737 2547
736 2545
739 2552
738 2549
2403 1165
4273 1871
1206 249
468 1970
13965 421
1352 382
467 1965
2401 1162
461 1951
1356 390
1355 388
5554 2186
5557 2187
15398 542
18126 744
15462 548
15396 541
14425 463
712 2499
14428 464
11149 138
1514 521
1516 523
8585 2739
1510 519
1512 520
8367 2711
15262 532
12813 317
5884 2261
27187 1336
5888 2262
12818 318
23633 1139
6557 2393
9066 2807
6558 2394
15068 515
28766 1419
3186 1540
28765 1418
3181 1538
19725 869
19091 824
11551 186
3397 1627
11555 187
6633 2407
23985 1160
6667 2412
4018 1819
13702 403
4017 1818
19432 850
353 1680
9813 2918
22212 1047
3105 1502
3986 1808
3987 1809
359 1699
358 1694
16605 644
16606 645
45 1922
4707 1976
288 1422
9562 2884
281 1391
280 1381
282 1396
10956 119
284 1407
7257 2522
286 1413
16461 633
16462 634
16463 635
20778 945
260 1266
267 1303
265 1291
269 1314
2499 1219
2191 1029
2491 1213
2490 1212
4640 1957
2492 1215
13520 383
4645 1958
6978 2476
259 1258
2259 1070
2258 1069
2257 1068
11773 215
2477 1208
2476 1207
2475 1206
2474 1205
2472 1204
982 2920
21359 995
4634 1954
986 2930
10045 10
985 2929
115 179
114 167
117 206
116 193
111 135
112 149
7878 2625
250 1221
4800 2000
4805 2001
4806 2002
12399 281
256 1246
2789 1375
9467 2871
2078 946
12158 265
12159 266
11603 195
2072 941
2071 940
12157 264
2077 944
6300 2348
2074 942
17733 715
17732 714
3508 1675
8954 2790
7276 2526
3500 1672
5082 2078
3503 1673
3504 1674
5086 2080
5085 2079
2679 1307
2678 1306
6837 2451
5733 2230
6835 2449
2921 1441
18600 783
2922 1442
18604 784
10556 80
5333 2125
10555 79
14637 474
14636 473
10559 81
1986 878
1987 880
1984 876
3217 1555
1982 875
1980 873
1981 874
3218 1556
1988 881
1989 882
18266 755
2815 1394
2810 1392
560 2197
561 2199
8771 2764
2819 1395
565 2207
566 2211
17816 722
7645 2591
17815 721
3171 1534
3174 1535
12970 332
3176 1536
5429 2150
1186 227
5424 2149
1184 226
1182 223
1183 224
5423 2148
1181 220
727 2525
725 2521
6686 2417
720 2510
721 2511
1744 696
7610 2581
1740 693
1742 694
5499 2171
6495 2383
6494 2382
1166 201
1167 202
1160 194
1161 196
1162 198
1163 199
4245 1865
6498 2384
4241 1864
82 2680
5525 2180
5527 2181
6941 2471
6940 2470
3304 1593
81 2664
48 1999
49 2026
44 1902
14418 462
43 1879
40 1814
87 2755
5492 2169
1293 329
1295 331
474 1984
1711 670
8552 2735
12804 316
13828 414
13821 413
792 2631
6541 2391
4441 1914
4391 1901
5636 2204
5637 2205
3197 1543
470 1975
471 1977
476 1988
1363 397
1360 394
1361 395
3728 1729
478 1992
1368 400
1369 401
